-2837
-2782
-2108
-2435
-667
-4644
-4155
-4044
185
-4056
-4457
-1712
-2653
-3056
-1666
-380
-3189
370
-2854
-3422
-233
-3586
-4204
-1545
-1108
-4647
-1967
-3757
-1641
475
-4710
-2785
-4820
-273
-2321
-546
-1409
478
-4763
-3296
-4681
-2352
-3492
-2850
-1300
-4147
-2419
-1844
-2614
-1519
-3403
-3352
398
-1163
-3110
-3581
396
-3827
-3956
-1089
-1038
-3070
-3149
-1851
152
368
-4176
-2845
-3138
-1029
-219
-2861
-4280
-2455
-2341
-1613
-1862
-1454
-4436
-2415
-562
-3716
464
-1049
-3104
-4046
-2921
-1028
-2409
-550
168
-155
-191
-1813
-4690
94
-367
-1440
-1810
164
-4918
-672
-67
-3144
455
-3771
-2211
-850
-911
-2955
-2569
140
-4286
-1941
-153
-2719
-81
-3983
-2620
-4202
-2224
-2838
-1725
-292
-370
-669
-4197
-3095
-2551
457
-4854
-413
-1261
-1351
-1056
-1258
-487
-1010
-3752
-3402
-2359
-483
-2649
161
-1639
397
-395
-1586
-2356
-4392
-3181
-1023
-462
-1063
-1134
-1935
-588
-262
-1196
-4924
-4814
141
-76
-4725
-1435
-6
-3405
-1787
-3914
-1692
-2911
-4478
-2346
-844
-3751
-3146
-2052
-1988
-1707
-4516
-3272
-2276
-4962
-575
-2984
-3935
-155
-2566
-1776
144
-1090
130
-617
-2333
-3872
-418
222
-4972
-3453
-782
-3908
-1367
-2822
-3146
-3820
-1501
-365
-4835
-2487
-4102
-4790
-2747
-3444
-2064
-3265
-3069
-2914
-2277
-3598
-1953
-2296
-855
-3603
-3000
-949
-1092
168
-545
-2297
-2740
-2311
-2909
-615
-3698
-3661
-3686
-334
-1010
-1270
-2917
-3479
-3756
-2173
-3084
-3496
329
-4553
-1762
-4646
-3528
308
-1789
-4587
-2527
-2697
-4311
-1754
-188
-4618
-3504
139
219
-3567
-3709
-380
-3975
-2206
-4922
-3350
-1240
284
-1552
-2596
-919
-1431
-3928
-2144
-279
-771
-1996
31
-582
-98
-1656
-3622
-1818
-1741
-4462
-1613
-811
-3876
352
-4034
-111
-4545
-232
-424
-3018
-1207
-1698
-4915
-651
-2353
-1465
-1889
-2761
-4446
-1681
-4080
-4570
-2558
-517
-3554
-3723
-4629
-3048
-4978
412
-2980
-677
-500
-2185
-1792
-3986
-2041
-150
-2735
-1056
-4140
-2674
-1469
-4021
-3673
225
-983
-3995
-2477
-4759
-42
-1641
-1821
-315
-2207
-563
-4939
-327
-4051
83
-1406
-1734
-369
-4604
-513
-2977
-1881
-2104
-3096
-3083
-2500
162
-3519
-1162
-3776
-4845
-3834
-1244
-4697
-3901
-4124
-3596
-4571
-2576
-2011
-4968
-4888
-2880
-349
-902
-3569
-2734
-3345
-4493
-1215
-2258
-3115
-4835
-3369
265
-1929
-31
-1315
-1538
-4843
-3682
-1947
-4994
-4671
-2984
-3781
-2272
-3838
-3148
-1812
-334
-3334
-1128
-1093
-896
-2284
466
-1854
-450
-4044
-2258
-3647
-1823
-2879
-3061
-4772
-3551
-814
-2272
-2679
-3141
-1336
-4705
-1283
-2570
-311
-169
-3076
-1878
-2291
-4541
-2027
-1786
309
443
-3358
-942
-3626
-1564
-852
-1308
-4032
-3252
-1790
107
-2268
421
-1687
-3878
-1267
-627
-2549
-3384
-2383
-2305
-4532
-1785
-3644
-4241
-2661
-4879
-4674
-2958
-4057
-2410
-2478
-1533
406
-1038
-311
-4599
-1088
-806
-1719
-113
-4814
-415
-2050
-4960
-120
-305
-3774
344
-1073
10
-2712
-3256
-705
-3704
-209
-3357
-4326
-3646
-2344
-792
-2652
-2953
-1539
36
-132
-3566
-256
-2663
-3069
-88
-4933
-195
-3742
-4695
-2391
-3564
-1279
-1990
-1196
-3581
-1409
-4564
292
-4998
-154
-4799
-958
-4621
-896
-2789
-1087
-2707
-3137
-160
-373
-518
-4166
-3030
388
-3019
-2296
-1860
-2000
-3848
-3350
72
-3153
156
-3213
142
-4475
-3408
-2301
456
-4565
-1706
-4077
-1251
-926
37
-2875
-367
-1013
-1775
-1268
161
-3033
-4686
61
-2600
-1398
-2069
348
362
-4890
-334
-1460
-4137
-4543
-4219
-4105
-1948
-2304
-1964
-3637
-4390
-877
-4765
142
-4388
-4338
-1854
-2161
405
-1024
-1634
-2441
452
-661
-1540
-3228
-1818
143
-1032
240
-4148
-176
-1069
-4582
-3644
-4297
-3784
301
-1497
-3248
-2195
367
241
-3989
-344
-1193
-677
-1519
-2348
-2266
-4795
277
-2172
-2561
-2832
-574
-2460
-3383
-4019
-3646
-825
-1718
-898
-4659
-3509
92
-4772
-4561
-2833
-3038
-1416
-1373
-3642
134
-4762
-212
-2347
-2068
-4201
-643
-2694
-1561
497
-4815
-4469
-1200
-501
-3891
-2725
-439
-1500
-74
-100
265
-4500
-4687
-792
-46
-4948
-3626
347
-447
-2872
409
213
-4416
-3526
-2315
-4661
-3642
-358
-1339
-680
-1306
-877
-1090
-3898
-509
-3316
-4610
-2702
-3135
-4856
-1887
144
-4528
-4097
-3207
-741
-1742
-4842
-3562
-3375
-3561
42
-1669
-3160
-313
-2528
-333
-3163
-4404
-3361
-178
-2131
-910
-2059
-1468
166
-278
-3809
-3678
-2295
-33
-332
-4262
-3089
-2279
-4242
-3796
-2213
-989
-2033
-3106
-2941
-2388
-2253
276
-3968
-1768
-914
201
-1025
-1109
210
-288
-2061
245
-3477
-2875
-2121
-1813
-2232
-1428
-2179
-4835
-1562
-2508
-4680
-2289
-4051
-2559
-4875
-4851
-1306
-3528
-2597
-1451
-2453
396
-3063
87
-1037
-3564
-4143
-3981
-186
-3143
390
-1356
-2465
-3493
-51
319
-3839
-2356
-498
-3177
-4138
-2320
-2515
-34
-949
475
-2849
-101
-247
-3698
-3071
-916
-560
-2382
-1826
296
-1971
-3143
-4650
-2995
-1220
-3300
-2363
-553
-1997
-1246
-2148
-1589
-1949
-3680
-2176
-3643
-2048
-363
-994
-2593
-173
-665
-4765
-2610
-1677
-3021
-279
-1978
-4034
-251
-489
-1798
412
-402
-2043
-3902
-89
-536
-2554
-713
-510
-3884
-1062
-2795
-2888
-3256
-396
-718
-4566
-2219
-2855
-660
-1988
-1363
-2692
-4487
-3631
-1949
-439
-1629
-1602
-575
350
-4338
-4794
-1150
-2328
-1693
-1886
-4139
-1769
-1922
-3988
-1115
-805
-1967
-1416
-322
-3492
-3086
-2150
-2852
-640
-452
255
-2170
-1695
-203
-4748
330
-3596
-3065
-838
-4307
-3489
-2528
-1571
-2049
-1744
-781
-4975
-2867
-783
-772
-507
-3674
-4295
112
-1667
-1444
-560
-2526
-2429
-1243
-1019
-4147
-2562
-541
200
-3976
-593
-4571
-1241
-2608
-4954
-858
-1465
-941
-3918
-4015
-861
-2220
-357
-4889
-4446
-1794
-4702
-4301
-2902
-2553
-1240
421
-4477
-2733
-1445
-3206
-2030
-3972
-4913
-4146
-4676
-3629
-849
-3651
-3841
-1464
-2758
-4995
-2822
-4356
-4816
-2356
-2308
-4537
-3429
-2322
-2856
-1510
-30
-3357
-2542
-3064
334
-4725
-2066
-3766
-2235
-2354
-2485
-2051
-3343
-4137
-2481
-3105
-18
312
-4232
-2354
-4343
-370
21
-4197
-361
-2417
-1900
-4389
-2706
-502
-149
-2465
-2298
-3107
-2740
-4903
-4000
-4078
-3897
-2059
-3698
39
-807
-282
-4127
-917
-4771
-3764
-3358
-2402
-2832
39
48
-3871
-1411
-1739
-2376
-320
-869
-4863
-3151
-3636
-3708
-4032
-3298
-2290
-2149
-1693
-4896
-4453
-4594
-2823
-807
34
-4947
-3069
-4940
-2328
-2697
390
-1962
-735
-1593
-1142
-2166
-2082
-3879
426
-1821
224
-4951
-3682
-382
-101
-3981
-4215
-1823
-4402
-2657
-99
-2831
-4490
-2287
-3392
-1460
-4904
-1774
-2872
-1525
-3671
-4291
242
-2759
-3373
-1672
144
-1572
-3950
-4302
-3834
-628
-3433
-907
-4554
-4506
-2815
-4186
-3070
-945
-1700
-1631
-1102
-179
-2400
-4009
-2444
-3548
-2714
234
-1467
-4916
-906
-2560
-4750
-2812
-3205
-70
-1695
-599
-4388
-4310
-4617
-3497
-3581
277
-1256
-2305
-1109
469
-3858
-1382
-1702
-1956
149
-1540
-2819
-79
-3167
-2973
-1586
-3319
-3568
-811
-1521
-919
-3580
-3637
-1303
-3159
-3499
-216
-1686
-1051
-3891
-3048
-1398
-2026
-2408
74
-3474
-4838
-2385
-2321
-2709
236
-4278
-2821
-3835
-1848
-1787
-1440
91
-87
359
271
-2519
-1713
-4922
-3021
-4084
-305
-3715
-2460
-1845
-1180
-927
-1145
-2268
-1690
-2382
-4577
-1873
-826
-2750
-2513
-2879
-1445
-362
-1848
-1957
-1562
-4072
-4510
-4092
-3730
182
14
236
-4452
-2683
-1214
-4431
-4745
-3409
-2753
-2694
-2855
-3384
-3291
-436
-2286
-4169
-1251
390
-1012
-3761
-1240
-475
-923
-2933
-4687
-503
83
-3271
-143
-979
-4938
-4786
-854
-357
-699
-4938
-3340
-2677
-4830
-3618
144
-1083
-1468
-507
-1986
-960
-3062
-3616
-2306
-833
-2076
-4704
-2997
-1645
-3343
-4452
-1212
-4904
-1095
-2544
-2971
-708
-2541
-127
-1116
-3275
-2537
-3113
-1442
-756
-2458
456
-3841
-2970
-2380
-186
-2999
-2744
-2099
-4397
-1212
-3
-924
-4449
-677
-757
-1201
-4629
177
-2103
-3718
-3855
-4476
-4551
-1877
-2257
-2282
-3320
-2169
-47
-1971
-4972
-969
-3216
-1336
-3057
-1740
-4012
-1474
-1771
-1452
-2081
-2186
-1031
-2450
-608
53
-3024
-3991
-3900
-2435
-2487
-3059
-3276
-4072
-4839
-4255
-2563
-4406
-577
-4046
-3191
131
-665
135
-2854
355
-119
-2218
-1335
-1645
-3085
-2331
-184
-1520
-1846
-4736
-3240
-776
-1361
420
-4746
-3255
-1944
-3712
-478
-1066
-1957
-2181
-37
-2418
-4482
16
-2995
-73
-142
-4738
-4802
-3371
-1512
222
-3253
-4833
107
-883
-357
-1865
-3114
-3027
-2141
-24
-2674
-969
-3438
-3535
-4413
-3627
-3739
-3203
-1904
-3531
-3242
-3784
-2112
-2756
-3994
-1495
-2885
-1346
-1768
-3816
-2358
38
-3422
-1357
-3004
-2976
253
-1269
-1313
327
-2343
-10
-3245
-3676
320
-483
-404
-731
-1434
-743
-2455
49
-1095
397
-2002
-4441
-4708
-624
-657
-1388
-1332
-4745
-1377
-529
-4176
-976
-1069
-4480
-4867
-1596
-294
-1035
-1429
-1225
-4025
-4515
-2702
-4859
-3477
-3876
-3202
-2475
-3555
-3507
-48
-918
-2302
-634
-3670
-124
-1984
67
-1137
-4260
-3145
-4756
-2365
-3747
-4552
-2502
-305
468
-2411
-1337
-2464
-4584
-4375
-2470
-4953
-4901
-3531
-1327
-3221
-1101
-936
-1028
-1369
-2086
-4203
486
-355
52
-32
-437
-2424
-3899
-2169
-3049
-3591
-4592
-3425
419
-3593
-1014
-3333
290
-2324
-2672
474
-1311
18
-3633
-2874
-2611
-2629
-1138
-1072
-4326
-2437
-4626
-1097
469
-3524
-220
284
-4884
-3435
-76
-1781
-3217
-4994
336
-4117
-1184
-4931
-3315
-222
-2291
-4063
-4298
-3533
-2744
-2440
-2162
-2338
-2644
-2393
-2479
-851
-1563
232
-4484
-4554
-2714
-3293
-1076
-752
-2697
-3943
-986
-2323
-737
-1433
-1007
-4899
-1633
-2674
68
-757
-471
-851
-4160
-4818
-4535
71
-3928
-2290
-3996
-3986
-154
-4710
-306
-1852
-4492
-2575
-2152
-3995
-4483
362
-1767
-3542
-4236
62
-3274
-4564
-3318
-3243
67
-4933
-866
-1470
-4395
-220
-2699
-3227
-2431
-1399
-4766
-4512
193
-2068
-2867
-4386
-805
-2629
-4400
-648
-505
-3035
454
-918
-615
422
-644
-2268
-2724
-2464
-2342
-2672
-2988
-1007
-3111
-2869
-1316
-2958
-1260
-4355
-76
-3770
-2596
-4232
-2374
-1003
189
-2710
-2185
-4838
-1257
-3539
-88
-1362
-3522
-1508
-3471
-2408
-2012
-2452
-1884
-3495
-4981
-3499
379
-791
-2477
-985
-3964
-1933
220
-3054
-794
-1620
-4912
-122
-1710
-3275
-1559
-3083
-3073
-456
-432
-2706
-1053
-250
-1540
-3697
449
-4047
-1936
-523
-4263
-1836
-2373
-3347
-1039
-543
-475
-1632
259
89
-2498
-203
-910
-362
438
-792
-3605
-132
-2196
-3557
-135
184
-3557
-3429
-4019
-721
-1054
-2259
-2041
-1243
-3415
-2825
-3056
-558
-3775
-561
112
-4789
-1424
-534
-1236
-2540
-608
-401
-398
-3798
242
-3685
-2541
-1831
-204
-3627
-4468
441
-2391
-1127
-4820
-626
-4098
-3620
302
-1015
-1055
-1496
-4597
-3336
-2052
-635
-2591
-4468
140
-931
-3376
473
-1592
-169
-1630
-4880
-3987
-4325
-1249
-3316
-2364
-3737
-2981
-1667
-4523
301
-4359
-1118
-1109
-3942
-1897
92
-3419
-3025
-1230
339
-4693
401
-3921
-3899
-1402
-3844
-1946
-3950
-4923
-2578
-3429
-3732
-4286
-4440
-3962
73
-4406
272
-4011
-49
-1241
-4995
-180
-2907
-1985
-371
-4969
171
289
-795
-2198
-4207
306
42
-3497
161
-1600
-3719
-1308
-899
-1748
-3409
-4421
-1272
-880
-4007
-3733
-2928
-3504
-1180
-2371
-3093
-1518
-1088
-2404
8
-2573
-1684
45
-2355
-252
-677
-4798
-803
-2121
-4753
-2231
-3614
-3083
-352
-3354
-218
-4606
-2881
-1151
-2206
-644
454
-403
-372
212
270
-2047
180
-814
-2169
-4643
-548
-4840
-2950
234
-3521
-1069
-255
-791
196
-1931
-1921
-859
-3112
-3497
-2861
-4594
-3436
-4745
240
-2661
-3954
-3068
-2718
-3880
-4127
-4979
-688
-2820
148
-249
-1504
-4590
-3361
-364
-3608
-570
-1792
-1843
-4789
-3880
-2084
-2307
-2488
-3611
-3088
-3946
64
119
-1606
-3554
-4500
-4522
-3268
-365
-4954
-1199
-4449
-1641
-2059
-2832
-330
-535
241
-3545
-3658
-680
296
-2082
-4473
-3664
-3284
-4421
-4008
-4732
-1862
-685
-960
-1429
-1906
-4331
282
-2113
-3833
-1317
-3505
-2248
-4269
-790
141
-1826
-1866
127
104
321
-3922
-2786
-1795
129
-2972
-3835
-3283
-682
-225
-4604
-895
-3049
-3357
-2161
-1423
-807
-373
-762
-1812
-2547
-1979
-503
-1590
-4378
-1722
-1518
-1281
-3547
-2329
-1837
-1964
157
58
-3333
-4236
-2387
-1350
-675
-3981
-673
-1622
-1959
477
-3194
-370
-947
-4285
-2512
-2867
-998
-4882
-1179
-3724
388
477
48
-2404
-1646
-3271
-2364
-3398
-4431
-1138
-758
-1725
-1244
-1256
-3463
-368
-2890
-1146
262
-3049
-654
-729
-2322
-3098
-1915
-3391
-4809
-2933
451
-3123
-4962
218
-3979
-4044
-1497
-4681
-25
-4811
-1142
-244
-3215
-614
-3964
-1272
-4574
-995
14
-4726
-3237
-3601
-2521
-2315
-2214
-1606
251
-1083
-4062
-2007
-2454
-1276
-1811
-4643
-2474
-134
-4290
-3864
-2078
-1444
-4817
-4038
-1203
-2441
-1010
-255
-1768
-4209
288
56
-951
-1762
-2645
-891
-1727
-4328
-1684
-1187
-2203
-3312
-1796
-3416
-4085
182
-4406
-4245
-4433
-2477
-4116
-3977
330
-2311
-1417
-455
-2896
-623
-690
-1396
-2232
-3540
-171
-3590
-4647
-888
61
-2123
-3912
-1344
-1312
-421
-3793
-3650
-4748
-4102
-3198
69
-4439
-1949
-313
-1327
-1388
-3655
204
83
-4401
-2135
-1243
-3041
-651
-4649
-60
-3585
314
-1549
464
-4862
-684
-4300
-16
-1754
-3195
-393
-1531
129
-595
-2109
-3165
-743
-2386
-1370
-4309
-115
-4161
-2243
-3430
-3144
-1131
-1145
-4516
281
-4311
-3163
-2573
103
-1172
-2246
-3325
-1090
-3313
-3099
-4752
-4543
-4482
-1149
-3028
-861
-1284
-4895
-1787
-1746
-4162
-616
-2643
-3033
-2578
-2940
-788
-3335
-4520
-4529
-3147
-4868
-4164
125
-3232
-3123
-3388
-2948
-2159
-4555
-2604
-3425
-855
-2460
-2336
-2907
-4031
-2212
430
-3566
-3442
-4923
-1714
-3175
-341
-4549
-3088
-3428
-1942
-4546
-166
-3117
-2219
-4324
-4483
-246
-4451
-1289
-3266
-393
-4542
-2748
-1310
-4865
-789
-3709
-1254
-3014
-4338
-3463
367
-3350
-4463
-1257
-4471
325
-4821
-4191
-3391
-1281
-916
-1813
-1290
-2357
-3185
-2039
-2900
-2466
-1221
-997
-1791
-3961
-4161
-2491
-4864
-908
-634
-427
-1783
420
-3022
-127
-4953
-461
29
-4296
-4414
-2432
193
-4887
-2478
-1587
487
-4122
-3944
-4080
-893
-3574
-1682
-2401
-352
-1626
-1904
-374
336
-1251
-879
-4234
477
-3926
444
-1933
-1006
-3577
-105
-2036
-420
-1982
-3826
207
-3603
-4598
-2544
-324
-3709
-1777
-1078
-822
-4602
-820
-2793
116
-732
-4076
-3768
-4819
-3270
-4159
-4996
-1493
-2222
234
-260
-1710
-3212
-2544
-3771
-2362
-4821
-20
-3307
-1478
-657
-360
-4109
-3966
-3026
-4672
-2180
-3599
246
-4877
-3021
-4512
-2022
-2399
-181
-1488
-2833
-11
-2753
-3630
194
-4485
-4013
-2019
-2260
-4445
-1277
319
-3113
-3536
-4794
-3407
-3843
423
138
-213
-3228
-3821
-4622
-470
-2587
-3626
-616
-1912
-3248
-986
-4849
-4663
-4653
-3617
-3785
-4867
-4652
-4134
-999
-1829
-1460
-2612
-1267
-21
-669
-4373
-3517
-4646
-2640
-1770
-297
249
-1826
-788
-1290
-240
-1967
-3152
-1134
-2508
-4176
-4137
-3445
-3969
-2544
-200
-3103
-1986
-1582
-930
125
-2789
-4293
-2131
-4775
-2879
-315
-2523
-33
-840
488
-3646
-2564
-1500
-989
-1143
-1493
-4487
-3295
-4031
-3446
-3268
-827
-45
-2593
-3087
-648
-2189
-2182
-803
-1580
-3956
-3121
-4068
-1571
-2444
-4420
-1349
-380
-346
-1321
-1839
-2911
-2790
-1124
-277
-1807
-1340
-292
-707
-2068
-947
-3646
-2811
-4836
-4762
-4595
-4638
-4497
-4007
-3155
-2149
-401
252
-920
-4276
-4171
-2933
-3579
-568
-3624
452
-1133
-3036
-1720
-444
113
344
-73
492
-4874
-3635
-3802
439
-4926
-3496
-1927
-4905
-1318
-1734
-4882
-888
-743
-2968
-59
-107
-4519
-3865
-1463
-226
-3058
-1659
-892
-1912
-102
337
-690
-2915
-3919
-4031
-1772
-4237
-3259
-503
-947
-1558
-2710
-1934
-1711
-751
-4156
-1299
-4144
-587
-47
-3083
-4729
-1069
-1114
-989
-3728
414
-3745
-4648
-1333
-3018
149
-3149
-2983
-4430
-3073
-474
-765
-3218
-4760
450
-306
-1694
-3333
-4874
-165
-3138
-4013
-4543
-171
-3038
-810
-1158
-1522
-1247
-2671
-208
-2109
-1321
-2866
-3323
-221
-1172
-430
-4001
-1872
-3332
-1320
-1133
-536
-3512
-4246
-3891
367
-1968
-3869
-4032
-3828
-2309
-2668
-3866
-1178
-2912
-1829
-1141
-620
-2440
-538
33
-3234
-3847
-2984
-129
-1222
342
-1572
-931
-1471
-3733
-2777
-2916
-1564
-3696
-2193
-1590
-3015
-1376
-1882
-4735
-3216
-3833
-2543
-4575
-2574
-1507
-3333
-4917
-3535
-509
-2880
-2420
-866
-2950
-1953
-1030
-162
-3163
-1416
-4741
-2818
-635
-4403
-1265
-4633
-992
-1381
187
-1586
-2397
-2032
91
-931
-2033
-908
-3115
-919
-622
-4015
-3557
94
-977
217
487
-2366
-872
-4628
-789
-3088
-4168
-2500
-3397
-3209
-3920
-715
-2719
105
-263
-2808
-3653
-4422
-4336
-4370
-3145
-1146
-2475
-1095
-1410
-4508
-4189
-1996
-1799
-3522
-601
-1072
-4481
-793
-3357
-2807
-272
-1396
132
-2931
-2039
-1003
-1091
-1854
-3046
-261
-2200
-427
-2078
-4486
-3424
-2777
119
-4735
-4733
-4205
-1086
-3882
-1860
-2961
-2722
-4207
-3280
-1220
-1878
-313
-3947
-403
120
-490
-3321
-846
-771
-1070
-1259
-4241
-2184
486
-2683
-246
-3714
-3824
-3789
-1035
-4030
-4381
-2602
-3478
-1907
-2034
-2831
-1980
-1419
-3848
-1631
-3040
-1156
-3160
-1911
-1544
-1885
-2846
-232
-965
-4637
-191
-1626
-3870
-1092
-3754
-1092
-4231
-4740
-347
82
-395
-2897
102
-4470
-2812
389
-4522
-3142
-777
445
3
-3469
-125
27
-1548
-3428
-3562
-754
-1059
-4392
389
-1387
-4427
-377
-3119
-1631
-2542
-2759
-3322
-3298
-2158
-86
-850
-3834
-688
-2824
-1821
-3351
-606
-3682
-4780
-3716
-3166
-1643
-1401
-1485
-151
-2796
-3639
-4008
-945
-4713
-3182
-1166
-959
125
-1340
-1636
-2939
209
-4399
-3029
-387
-1828
-424
-4127
-3758
-3481
-1133
-844
-971
-3987
-3551
-107
-613
-4232
-3692
-4609
-2835
-4127
-1699
-436
-2592
-1565
210
-1656
-605
-428
-328
-4819
-2168
-1021
-4122
-2258
-3956
-2412
-2799
-4069
-3914
-2079
-771
-3416
-4775
359
-4957
-4511
-3854
-159
-2581
-2140
326
-803
-374
-1352
-835
303
-1793
-625
-1850
-4562
-4728
-2961
-682
449
-399
-3965
-3209
-1764
-4272
-1266
-1626
-1141
-3467
-3943
-767
-4439
72
-3269
-1573
-1935
-495
-3282
-3736
-1661
-1820
-1868
-3584
-4183
-4619
-2154
-4068
-4313
-4361
-2819
-370
-3847
317
-4084
-3838
-2472
-1638
-147
-4218
-756
-1330
-4686
-205
-3614
-1517
-2059
-3266
-906
-2436
-3184
-4748
-2463
-951
-2086
-4349
-1494
-1506
-878
-3713
-3589
-2322
422
-3957
-2340
-792
-3967
-1002
-1555
-4590
-4320
-4688
-1750
-1800
-1982
-4930
-873
-4111
-3595
-4614
-3609
-3293
-3645
-3570
-4370
-3863
-2355
-4866
-861
-3304
-596
-1873
-2509
-302
-4798
-2160
-2217
-3423
-3566
-855
-1090
-204
-4804
-4979
-1559
-3830
-1238
21
-4351
318
-3077
-2677
-2767
391
-1662
-3940
-4452
-1759
-2694
-1055
-200
-419
-64
-4699
-4086
-1684
-3721
-249
-4284
-4075
-3103
-4258
-4745
-2200
-4034
-3605
-3674
-4097
-1102
-1816
-454
-2629
-1893
-4488
-3793
-1569
-3418
-1420
-2091
-1372
-4958
-1865
-36
-4328
-2108
-110
-2749
-4057
82
-2850
175
-1637
-2312
-3092
-1541
-4176
-1202
-530
-1961
-222
-2374
-4320
-2216
106
-283
-3945
-1012
336
-4511
-3744
-3143
-1772
-3866
-514
-708
-1423
-528
-3687
-4511
-3948
-4896
-3843
368
-2656
-1874
-427
-1939
-4727
-2856
-4518
-1185
348
-3208
-680
-1497
-2947
-2683
-4727
-1830
-4080
-1689
-2614
443
-3955
-4436
-2500
-2673
-3355
-2257
-1553
-637
-4491
-3074
-819
-328
-1625
-4789
442
-1408
-3761
-228
-3091
-2572
-3170
-830
-2860
-587
-786
-3403
470
-1247
-233
-1949
-4514
-4924
-1270
-2060
-4647
-3769
-587
-3916
-1853
-4302
-929
-4678
-2484
-2283
-2072
-206
-4732
-2779
-1699
-4006
-630
-1755
-3556
-4191
-807
-1533
-61
-1922
-2183
-527
-4550
-3359
-3796
-3381
-2920
-2659
-1658
-2209
-991
-3149
-4264
-142
-3821
-4876
-1419
-856
-1476
-2112
-136
-1731
-3756
-4711
-918
-3054
494
-755
-3292
-1566
-76
-3534
-245
-1906
-4439
-49
-4039
-4962
-795
-2696
-2741
-2604
-516
-3889
-2345
-1891
-2180
-3057
-1434
-4969
-3854
454
272
-2278
-2068
-607
-1738
-4585
325
-1415
-4191
-2758
-1577
-254
-208
217
-2101
-4355
-2041
-4728
362
-4420
-4031
439
-1683
-4224
-4141
-4447
-1467
-1387
-4100
-1826
-3509
-4199
-2513
-4152
-1829
-1321
-421
-915
-944
-1756
-433
-2404
-4730
-2708
-2766
-3849
-1077
-2601
-3660
-2890
-901
-4916
-2287
-3929
-4018
-3705
-2317
-1342
-3771
-1022
-3966
-820
-2768
-2288
-581
-3214
-263
-3019
-1992
-4270
-21
-802
-3814
-218
-2195
-1022
-3333
-388
-4263
-874
-903
-2851
-1196
-1429
-3549
-366
-2248
-2905
184
-2069
-3739
-3411
-3662
-371
-2858
-360
-2573
196
-2026
-239
-3896
-2867
-2528
-4565
-3662
-1541
-3981
-3040
-2732
-2062
219
-827
-2635
-1589
266
-4433
-1369
-2190
-790
-320
-170
-2149
-3328
66
-3805
-3187
-3273
-1800
-2718
-3530
-4075
-3367
-4549
-3756
-2022
-2078
-4459
-2837
-678
-1282
-4975
-3644
-1192
-872
-961
-4628
-2246
-278
-2076
-3219
-1686
-4343
487
-719
-4182
-882
-3495
-1775
-2275
-720
-852
-1073
-2327
437
-3354
-1554
-2358
-595
-2806
-171
-2227
-3665
-2975
-355
-4170
-1731
-3896
-2451
-4270
-1521
-1270
-598
-1328
-2931
-4547
-3169
-3639
178
-1449
-4185
-448
-3491
-3909
-1708
-1547
-2470
-1343
-3538
-183
-829
-4934
-112
-149
-181
-4773
-3942
-1424
-581
-3178
-3057
-1745
-3053
-4188
-3863
-1766
-2375
-268
-1826
-2321
-1080
-2013
-1656
-1980
-2980
-472
-955
-2741
193
-3845
-4411
-2872
-257
-4492
-4410
-1819
-2141
-1745
-4271
-2332
-386
309
124
-629
-2529
-4155
-4120
-3641
-4259
-3402
-3216
-4858
381
279
-3123
-1102
-670
-2821
-2540
-4081
328
73
152
-3518
-394
-910
-412
-1996
-1318
-4463
-1553
262
-2956
-2376
-3897
-2126
-2014
-4134
-1243
-2267
-3450
-3684
-4371
-454
-227
-1653
-916
253
-977
-4946
-1226
-665
-2278
-1571
-2049
-1446
-4483
-4224
-1053
-394
191
-4287
-2682
-1938
-164
-709
-153
-1876
-1901
11
-2199
-1217
-1760
-1835
-4565
-199
-3077
-1660
-4964
-1391
-1704
-2317
-2951
-817
-2519
-826
-3459
-2401
-4728
-1529
-72
-4535
-4117
305
-3871
-2038
365
-4950
-4745
-322
-1390
-2349
-2418
-1131
225
-1561
-3136
116
-2685
-3719
-369
-2645
-2248
-1993
-3321
-1824
-2061
-3814
-927
-3376
-3655
-4553
-2636
-1598
-3226
-2104
-1250
-2547
469
422
-4686
-3708
21
-534
-4127
-1904
-2888
-4109
-2109
-865
-518
-749
-4371
-3513
-1418
-1635
-2792
-141
374
-2813
-1723
-1472
-537
-1463
-3136
-105
-4399
-4198
-4880
-4415
-1951
-1413
-4999
490
-4292
-3147
-441
-3882
-514
-366
-2485
-3135
-3067
-2824
-804
-2444
-1683
-1163
-3117
-2615
-645
-3850
-4189
318
-1386
-2508
-959
-386
-2468
-3431
-1836
-4455
298
-1467
-2293
-4988
278
-3865
-2897
-1037
-714
-3144
-779
-4019
48
-2864
-2680
-1943
-2673
-1298
-669
-1175
-958
-4916
-4574
-4755
-1718
-3469
339
-3786
-2303
-1836
-4382
-2340
-1003
-1429
-2870
-2909
-3032
345
-2167
-1160
-4473
-2148
-1142
-104
-2886
-2470
-722
-1368
-952
-2949
-3711
-4903
-3488
-645
-163
-497
-1664
-901
-3355
-4101
-3292
384
-4577
-4638
-3848
-592
-4612
-2894
-4314
-704
363
-3927
-2151
-4030
-3281
-1108
-4702
-3087
-125
-3449
-2633
-1587
-3849
-1087
-1939
-1304
362
-1835
-4892
328
-4124
16
-3020
14
-4070
-2301
-1506
-4458
-1408
-1164
406
-975
-1493
-500
-4626
-4241
-1194
-2170
-2768
-1317
-806
-2799
-2675
-790
-547
-2464
-4904
-4679
-4870
-2720
-1007
-2139
316
-4527
-1139
-4555
-3646
-1837
-2655
-2288
-1374
-3608
-709
15
-3069
-1645
-3133
-254
-4062
-1921
-61
-3964
-4716
-3921
-1874
-4711
-3419
140
-1435
-4158
215
-896
-18
-591
-4605
-3891
-4383
-2295
-3428
-1237
-1063
-3674
-82
-526
-1850
-3018
-3874
88
179
-842
-2601
-1746
-2386
-164
179
-3226
-4464
-2332
-2656
-4810
-1875
-2679
-2511
-3488
-276
-1176
-2334
-1457
-343
-3211
-356
-2837
-110
-4855
370
-2020
-418
-131
-2055
-520
-977
140
-2310
-1106
-449
-4868
-3614
-4589
-4763
-3600
-476
-3921
-4218
114
-4441
-2802
-92
6
-3240
-2132
-4408
111
-2080
-827
-4015
-2705
-3164
-3863
-2188
-2194
-3500
-4457
-2483
-2458
-4494
251
-2964
-1968
-3059
-286
-1581
-141
-3220
-4579
-3937
-4468
-112
-3912
-4134
-2919
-4347
-2348
-4793
-3348
-3271
-4978
128
-3271
-3634
-1668
-3950
-2564
-3261
-2587
-4631
-49
-3401
-1076
-1781
-2453
465
-470
-4266
-2081
-1726
-267
-4356
-1225
-4511
350
108
-249
-2186
-894
-2688
-2286
-4625
-2054
-3685
-3257
218
-4053
-294
-1936
-2437
-979
-1803
-4781
-2637
-1307
-1378
-1150
-1092
335
-828
-3552
-2450
-2823
21
-3740
-1716
-3933
-790
-3055
-3590
-85
-2291
-813
-4703
-2448
-2171
-280
-3084
-873
306
-1608
-2170
-4459
-468
-919
-968
-1239
-1100
-427
-720
-1178
-2808
-1405
-4597
29
-3590
-835
-1481
-2508
-3341
-2497
-3918
-4429
-4479
-2487
-962
-1418
-889
-850
-555
-4256
-1544
-3855
-307
-4143
-1059
-4637
-605
-611
-3611
-1306
-4660
440
-986
472
-1127
-4710
-1818
-4612
-4276
-4456
-4039
-3144
-3678
-4331
-405
-158
-1818
-1468
-4057
-4260
-1716
-1501
-817
-2640
-714
-195
-576
-4940
-4852
-4031
-4078
-174
218
-4869
-2840
-4640
-791
-4263
-2043
-4584
-78
-3604
148
-656
-2366
-4623
-1570
-4909
-1047
129
-3068
-1357
-1488
-347
-575
-4262
-1286
-3539
-672
-952
374
249
-839
358
-2119
382
-1899
-2561
224
-4005
-3960
-1626
-768
-8
-218
-4483
-4790
-3233
-984
-4287
-3338
-4053
-455
-4672
-401
-2030
-898
387
-3000
-3108
-290
-2239
-814
-1415
-356
-451
-4767
-1850
-674
-4953
-1959
-1093
-4002
-3577
-2154
-646
-601
-1931
-973
-2526
-3850
-3564
407
-1627
-4444
-3936
-4103
-303
-3529
412
168
-4934
-2785
-1285
-1330
206
-2046
-4801
-3086
-3965
-2942
-862
352
-440
-2876
-280
-2943
-4910
-4830
-2481
-4995
-3733
-3641
-3513
-3882
-2733
-3891
-805
-4180
-4999
-2642
-4214
-3338
-2054
-1517
-324
99
-3470
-2573
-148
-4610
-4765
-3496
-1228
-2796
-701
-2784
-2431
-1103
-4571
-4198
-1887
-941
-4093
-4590
-1897
-185
-931
-4565
-1348
-1451
-1215
-1776
-16
-1997
-4952
-459
-3165
-2343
-1322
-4593
358
-1169
-2916
-1105
-4988
-466
-547
497
-3867
-3926
-4063
-374
-249
-2405
-834
-2467
-3530
-2641
321
-3888
-1141
69
-784
-2516
233
-276
-4511
-3450
-4647
-4506
-2923
-3430
-1942
-3951
-1833
-3099
-797
-2698
13
-1351
-2413
-2234
-4956
-2727
-195
-4620
-2193
301
-1332
-1761
-2801
417
-1024
-4248
-2719
-2724
-4020
-4547
-2890
-2189
412
-4702
-1037
-4340
-3834
-3231
-392
-1084
-2882
-2310
316
-3571
-1087
384
-3520
-1512
343
-4782
-1618
-4779
-4828
-3928
-4410
-4030
-4369
-4472
-2244
-1890
-833
-3724
-2396
-3594
-1221
-3287
-1099
-683
-4203
-316
-1236
-1515
-2682
-2625
-1353
-1958
-2077
-4462
-4251
-2149
-4875
-3922
-2162
-1368
-189
-725
-959
-1100
-4398
-4313
-3375
-2945
-2649
232
-3704
-2950
-344
-3334
-4040
93
-2898
-400
-1847
-3322
-1442
-3678
-4860
-3109
-4300
-614
-3633
-3549
182
-1114
-2552
-4284
-4593
-2183
-4782
-2798
-2266
-1462
-569
238
-1781
-1154
375
-950
-1293
-2253
477
452
-3109
-4939
-3065
-1812
-3547
-1503
-558
-2681
-2350
-1789
144
-1774
-2015
-4421
-2270
-2561
-777
-3479
-1667
-2075
-4857
-2319
-3732
-3402
-1342
-868
-2968
-3219
-1434
83
-4203
-4008
-348
-2088
30
-332
-2731
-3031
-4371
-3598
-1125
-157
473
-3839
-3805
-4446
-3918
-485
70
-3158
-2312
-1215
-3765
-131
-2788
-4828
-48
-2122
-1012
-481
-390
435
-4029
96
-1921
-213
-3469
-2600
-486
-3455
-2270
-4507
-3545
-4076
-4330
102
-509
-2568
-3316
-2998
-1685
143
-1127
-3846
-994
-996
-3713
-1822
-4696
-1370
-4507
-3695
-3215
-3539
-292
-286
-3603
-2754
22
-2572
-4564
-4343
-3600
-3016
-3428
-4674
-2145
-1419
-2555
-1360
-1882
242
-4491
-4859
448
-846
-3197
-3099
-2519
-3278
-4089
-1056
-4316
-87
-4678
-4548
-3776
-843
-3993
-1859
-4643
-4856
-380
-2825
-2456
-3570
-954
-3965
-1839
-2408
-3164
-2583
-2958
-3114
-4751
-4881
315
252
-3113
-2227
-613
-3751
-206
-1552
-4862
-4275
-447
-2571
-2480
-2181
-1398
475
-1916
-1077
-1286
-3397
-2891
-4249
-457
-1498
-3574
-4673
-24
-3769
-4205
-4668
-683
-1601
-2385
-4637
-4540
-3399
-2241
-4795
212
-110
-4030
-1449
-279
-3865
-2753
-1170
-4965
-314
-2169
-1002
-3612
-4791
123
-2926
-4843
-1480
-2531
-3281
461
-2505
-1581
-4684
-4174
-2692
-1601
-2721
-4124
-3213
-1964
-2712
-407
-2320
-3412
-4025
-2120
-4346
-4370
-3776
-536
-4040
-1025
-4234
-3830
-517
-1840
-1329
-3554
-4861
-3714
427
-3208
-3197
-3952
-2230
-3346
-4474
-593
-4564
-2655
-1934
-1350
-1034
-1567
-2876
190
-4889
-3720
-3788
-2235
-715
-3089
-1572
-1210
-114
-1314
-2647
-1347
-1577
-834
-4365
-3026
15
-3931
200
-2004
-1096
-3704
-3912
-1170
-1623
-80
-1552
-140
-1094
-2400
-4626
-4976
-4659
-3872
-1042
-977
-2085
40
-817
108
-2926
183
-378
-4510
-3839
20
-4497
-948
-3378
395
-4247
-481
-2720
-2178
-4798
-1564
-655
407
-4451
-1529
-1203
-545
-585
-2348
72
-1305
-1195
-445
-1009
-4163
-1342
-4736
-2799
-1875
-1039
386
-3143
-119
-2186
-1742
-4987
-4531
-635
156
-826
186
-4354
-3780
-3121
-384
-690
-2194
-978
-756
-2663
-1570
419
-4181
-2533
-1095
95
-4136
-3920
-2316
-4837
-4534
-4807
-3349
-2563
-2046
-2884
-25
-4650
-1423
-4458
-2238
-3090
-3645
114
-2091
-235
-1953
-355
-2406
-4652
-3461
-1848
-267
-2423
-2941
-2749
-1153
-1582
-1535
-3741
-2159
-569
-4681
-2936
-817
-3738
-954
-4037
115
-3025
322
-2320
-4827
-3177
-3216
-3065
-1080
-3269
-2842
43
-2793
-810
-4983
-3120
-2916
-2826
-2001
-3906
-919
-925
-3592
-2503
-1011
-1469
-4349
-1453
-2354
-3623
-902
-1317
-3958
453
-1472
-1575
-3571
-2102
-2842
-3896
-4894
-1864
-4891
-337
-4287
-4742
-1504
-3596
-2565
-320
-861
-637
-2019
-4586
-3061
-4306
-4999
-3461
-4094
-1971
-4734
-3615
-1921
-4259
-1659
-2897
-4959
-4955
-4172
-4847
-4369
-569
-2677
-4286
-557
-3688
378
-3873
-1912
-3973
-4338
-2476
-2516
-1182
-2722
-321
-1573
-1804
-1338
-3354
-3140
-4403
-607
-181
-1820
-2423
-1843
-2186
-250
-2765
-4355
-3701
-287
-1514
-1640
-2719
-2074
-2668
-101
-2065
-2594
-9
404
-1966
-3742
456
-3613
-4703
-1004
-4708
-4211
-2478
-3917
-471
-1972
-4179
-1940
126
-3449
-4808
-3381
-4512
-4023
-2240
-75
-4911
462
-4084
-4378
-2236
-388
-313
-1945
-3182
-960
-4221
-806
-3891
-3300
-1469
-3512
-839
-2506
-3910
-4364
-4489
-1604
-2682
-2863
-1428
-2459
-4948
-3781
-1281
-2600
-1645
-7
-396
-782
467
-2120
-1814
-3855
-4776
-588
-1727
192
498
-1201
-1746
-3010
-4759
-495
-4611
-186
-1618
-510
-3333
-3101
-3822
-2900
260
-2800
-3491
-4892
-4440
-3572
-1736
-2604
-3816
-4188
277
-3914
-524
431
-3282
-3684
-436
-3639
-165
-3967
-2014
-978
-4465
-3525
-682
-311
-611
-4889
-781
-3054
-3823
-2073
-4122
-1748
-2022
-533
-3210
-3637
-4506
-427
-1288
-4199
-4608
-1144
-312
-853
280
-3521
270
-1076
-4014
-4168
-4749
-2543
-2815
99
-3781
495
302
-3302
-1411
-94
-677
-2923
-2920
-1731
-1699
-4412
-1815
-4879
-3517
-2242
80
-3874
-2866
-4547
-3843
-3452
-464
-4428
-4655
-1617
49
-4303
-686
-4313
-4814
-4556
-4245
-1311
-962
-3720
-2934
-3978
251
-876
193
-4050
-1148
-2405
-3044
-919
-4059
-1692
-3058
313
-3101
-2060
411
-1272
-1035
-3196
-447
-2915
-1824
197
-4781
113
-1369
-3921
124
-1166
443
-920
-1736
-2417
-3608
-4681
-1662
-655
-3814
-799
-2990
-4924
-4033
-2602
-4945
-3183
-4354
-3571
-3696
-1585
-4794
-2726
-1355
-2103
-3886
-1256
-3207
-4319
-4505
-1652
-2918
-289
-456
-738
-713
-417
-1208
-2202
-151
51
-134
-4643
316
-308
-3347
-4235
-1676
179
-4067
-3460
-490
-901
-3078
-1918
387
-1828
-2682
-2755
-4524
-3456
-796
-2455
-1254
-4256
-2193
-2112
-1074
-2072
-3601
-1270
-1455
-1005
-3284
-4914
-1450
-743
-2959
-2127
-4072
-2938
-1867
-1955
-4050
-2624
-1313
-1403
-3500
290
-1190
-3400
-4648
86
398
-4651
-1874
-4474
-2732
-2992
-3401
69
-1721
-4835
-4914
-4168
-3376
-1629
-1700
-1637
163
-4176
-2940
-3878
-1710
-3938
-2022
329
-4876
-35
-1102
-788
-348
-710
-3425
-58
-2006
-4366
-3640
-4691
-1736
-1922
-30
-2646
-2931
-4397
-2255
-2370
-751
83
-1887
-851
-3492
-301
-4778
-2250
-586
-728
-2560
-2275
-692
-605
78
-3141
-3839
-3233
-3974
-736
-1541
-4964
-1349
-1063
-597
-617
-3299
373
-3809
-2111
-1093
-815
-3731
6
430
-3285
-4421
-1609
-764
-710
-2944
-3399
-3572
-2560
-1723
-4049
-4433
-202
-3904
-1852
-2860
-3723
-2128
-1603
-3640
-203
-3678
-4243
-731
-4018
444
-2490
-317
34
-69
-512
-1144
-2405
-4162
-2200
-768
-4606
450
-1544
-533
-4024
-3470
-1384
-4217
-4071
-1620
-3023
486
-3658
498
-497
-3021
-2719
-2056
-3781
-2825
392
-184
-2685
-3803
-257
-4070
-2510
-844
-1265
-1274
-3908
-763
-192
-2839
-4876
-4422
-864
-2319
-3829
-1879
-2587
-3712
-3674
-2984
-3426
-4001
-2732
-1239
-2910
-1452
-4784
-4551
-2214
-350
-4708
-4581
388
-2909
-2632
-4869
291
-4391
-1844
-941
-1882
201
-4554
-1363
-1260
-2858
-2219
-2648
-4964
-4015
-4777
-1890
-240
-3880
-3827
-631
-4189
-2402
-3645
-4704
201
-3833
-243
-4163
-1060
-4569
-464
-253
-2417
-885
-195
375
-4036
-1578
-499
-3980
-3907
-2979
-2969
-1250
-2183
485
-1647
-3741
-290
277
429
380
-2205
-956
-4940
-3441
-2059
-808
-4035
-3547
-4174
-823
348
-4390
-1978
-510
162
-3001
-3406
-2745
-3858
45
444
-3924
-3011
-3645
-3794
405
335
-4331
-2503
-2847
-2206
-1178
-1821
-4396
-4260
-4794
2
-4767
-2694
-554
-3367
-3413
-3778
-605
294
-3237
-4520
-1799
-1818
-3518
-4023
113
-274
-4270
-1825
-2015
-628
312
-998
-1092
-2186
294
-1056
-2071
-1819
-4416
-4771
-2791
-255
-2074
221
-1997
-4634
-1332
-3047
-513
-1179
-2141
-4626
-439
-466
-4955
89
-1755
-4299
-4138
-1031
-4743
-2517
-1447
-1629
-4549
-1778
149
-2113
-1096
-2746
-1101
-285
214
-1772
-560
-4257
-3478
-3538
-421
-2278
-612
322
-554
-1009
-3235
-3908
236
-1448
-4583
-4861
-1969
-4744
372
-4298
-3336
438
-2317
-2616
-2179
-161
-261
-2445
299
-4079
-3239
-2165
386
-1598
-385
-3773
-1003
-3572
-3106
-4556
-2023
-3683
-1315
-2037
-624
-4379
-619
-811
-2000
120
-548
-3848
-518
-4997
-4159
-1247
-4339
-1487
-4960
-1911
-1548
-1488
-825
-2633
-4343
-3149
-2058
-3664
-3487
-3745
-2470
-2631
-2824
-3920
-3332
-3923
-3570
-233
-4250
-1358
-4811
-4728
-246
-72
-4212
57
-947
-4059
-2334
-2489
-1966
-4799
-4546
-482
113
-1194
-4854
-3006
-3765
230
-2115
-2232
202
-4662
-2146
-3585
-3308
-4435
-411
-410
-2667
-3628
-4125
-4207
-679
-1757
-4599
-453
-456
-1927
-2673
-386
-2968
-2884
-3702
-2895
-1657
-4232
-283
-4118
321
-4945
-628
-4768
-3887
-2885
-3409
-2553
399
-764
-4896
-1720
10
-4212
-2599
-1776
-852
-887
-4875
-4176
-3335
-1285
-3136
-3056
-4041
-186
338
-2946
-1611
-3710
-2463
-1523
-4220
-2719
-3589
-4898
-3011
-3051
-284
-3303
-3399
-564
-3473
-3270
-1320
-2916
-33
-3136
-3441
-2769
-1122
-960
-2653
-96
215
-360
-158
-2457
-4442
-2512
-3058
-1059
-1932
127
-707
-4059
-3020
-4576
-3909
-3987
-530
-2742
298
-2665
-836
-875
300
-3685
-4186
-2745
-4811
-633
-1476
-210
-3639
-2479
350
-15
-3788
-3891
-89
-2502
-4405
-1420
-1390
-3201
-2826
-3575
-3875
-2499
-1528
-3183
-1941
-3595
-2977
-982
-2428
-1827
-3235
-366
-226
-575
-3524
-3011
-4247
-2473
-1713
-3539
-566
268
-4173
386
-3235
-784
-3283
-3036
-4475
-3858
-2148
-2894
-4888
-3437
-2416
-4108
-1629
-155
-3403
-174
-2710
-3909
-1906
-4061
-1091
-3322
-1751
-4550
-1809
-2035
-4040
-1501
387
-1629
-844
-2237
-2135
-4373
220
-4138
-636
-2077
-3903
-635
-3885
-1238
-2577
-3256
-2852
-768
-3492
-2980
-98
-777
-839
-1408
-3658
-4151
-1672
-4047
-3442
-4990
-653
-664
-2710
-3036
-3693
-1595
-1356
-1345
-3565
-1308
300
-4684
-285
-1517
136
-2832
-3734
-2947
430
215
-4776
-426
233
-2485
-4620
-2424
-648
-4109
423
-2882
334
-1758
-4864
-506
-1306
44
-978
-1326
-468
163
-3420
-2375
-4949
-3878
373
206
-171
-326
-980
-643
27
-1581
-551
-2749
-4592
351
-4771
-4252
193
-2491
-2953
-2595
-4846
-3463
-4283
-3540
-2633
-564
-917
-520
-4152
-4469
-307
-1156
-2664
-1168
-2047
-2663
-1905
445
-1357
-3696
-2119
-2845
-1655
-4609
-3585
-3282
-846
-3541
-932
-2160
-2142
-1739
-677
-3413
-4873
-515
-1855
-1585
-4829
-1185
-4170
-2166
-3084
249
-4858
-4167
-3000
-3290
-4859
-3803
113
-4759
-1650
-1491
-1243
14
-2713
-4868
-4909
-2974
-4607
-4079
-2862
139
-2119
-132
-4008
-3788
-1954
-3943
-3823
-3547
-4473
-4861
-845
-1872
-2407
-34
-721
-3641
-1711
-818
-4256
420
-2474
479
-3812
-1400
-1721
-1322
-273
-756
-503
-4187
75
-2395
-3146
-3512
-3207
-4406
-644
322
-1794
-1377
-1136
-4065
12
-2793
-385
-4362
274
-3405
-4954
-714
-285
260
-2323
-1765
-4719
-4211
-3502
-4457
-2718
-723
-806
-4318
-951
-604
-2801
-999
-2828
-323
-3463
-1662
-2161
-4121
-1287
-4772
-328
-2891
-4672
-3180
-4956
-3847
-4888
-4097
379
-3930
-4480
20
-629
-4422
-2144
-3924
-2660
-2053
-2549
-1104
-1231
-2383
-1805
-4628
-3207
-4994
-54
-425
-33
-2907
-2658
-1738
-4895
-3712
-280
-635
-3281
-3287
-198
-4711
-4144
410
-2057
-110
-2915
-3840
-3707
-3581
-320
-2052
-3523
373
-3052
-2683
-4488
-3099
-3155
-4388
-616
-1888
24
-2389
-1645
-4027
-3331
-695
-495
-918
-872
-2630
-294
-4541
159
-4495
-4498
-2002
486
-1336
-3035
-1352
-2422
-2766
-1519
-3212
490
-2403
-4502
266
-1700
-1893
-4344
-4283
-4194
-2592
-3741
-1391
-2070
-4260
-2372
-4441
-1828
-4848
276
-4587
-2322
-4778
-204
-3731
-2128
-4283
-134
-3869
-4075
-1994
-2221
-4783
-2888
26
-2872
-4046
-2353
342
-775
-1197
-1343
-4593
-1567
437
-3292
-2999
444
-3286
-457
-2815
-1621
-4520
-1986
-983
86
-2414
-507
-3266
-1043
-4527
-4144
-1118
-4461
-1174
-3718
-4965
-2356
259
-4050
-3688
-1777
-4028
25
-3034
-1042
-4123
-3428
-1359
-4196
-4394
-2662
-2676
-14
-1502
-858
-2234
-4678
-1303
203
-1776
-2616
-3611
-3696
-4321
-4621
-4151
-3706
-3160
-4580
-2682
443
-3617
-1727
-816
-3359
-119
179
-1030
-4664
-3283
-53
-2599
-2224
-4156
-2486
122
-1616
-2667
-693
-2903
-1486
-1189
-4783
-3055
-4013
-3851
-3252
-1786
-1653
-3766
-2653
-2136
-2156
-527
-1383
-3370
477
-3274
86
43
-3028
-2629
281
-3804
283
-1108
-677
486
281
-4766
327
-1761
-3802
-2274
-2348
-4651
-3886
-381
-4213
-3660
265
200
-3321
-1255
-2097
-939
-2200
-2325
-1579
-689
-3397
-2467
-2430
-1208
-2783
-1816
-252
-2866
366
-4773
-270
-2922
-4404
-4652
-3679
-848
-452
-2714
-294
-698
-4093
-3904
-2618
-1434
-1529
-2682
-983
-1576
-3064
-2241
-2436
425
-936
-2564
-1334
-228
-4205
-1135
-1625
-4778
-4726
-3557
-2479
401
-1883
-4661
-3695
-1667
-2998
-4472
-4171
-2997
-4401
-4749
-744
-4733
-597
48
-4863
-807
-4270
-1118
-4387
-1745
-1138
-3595
-844
-1532
-344
-4073
-2567
-3179
-3653
-647
-2239
-3318
-4359
-2680
-3776
-4249
414
-1545
-4097
-4841
-990
-4888
-1582
-4838
-4917
-3608
-1516
233
-173
-4760
-941
-770
-4119
-1825
-2590
-1074
-826
-297
-2606
313
-3668
-3248
-1155
-1805
-2690
-4616
-2969
-855
-2672
-619
-3394
-1211
-3274
-4272
372
-1348
-3654
-1856
-4343
284
-2203
-117
-3660
-4306
-3517
451
-1805
-469
-1648
-1871
139
-3098
-3555
-2227
-706
161
-3524
-4264
-425
-2742
-2820
-3433
-770
-1688
-619
-4094
318
303
-1800
-3011
-1462
-1855
-1190
-3893
-2455
-172
146
-3314
-2429
-4848
-4040
-1481
-1596
-4280
138
-4100
-1489
-1542
-927
-2610
80
-4284
-4474
-4116
-4983
-2333
-4321
-2409
134
-1727
-2099
-2507
283
-2600
-534
-26
-1683
-4511
-4731
-965
-4787
-4921
-4907
-4594
-4377
-1591
-4388
-606
-4536
-3351
-799
-685
-3312
409
-555
-4896
-4375
-4450
-928
-3719
-1906
-283
-959
-2813
-2752
475
-283
-1215
-3126
-2649
-1029
-980
-4459
-988
300
-916
-4669
-3626
-1626
-199
-4862
-3870
-1260
-3810
-1528
-480
-1033
-649
-3859
-2258
-2936
-2490
-538
-1988
-3088
-1661
-1907
-2112
140
-2079
-1434
-4447
-1312
-591
-2948
-3789
463
-3408
-530
-3140
-4104
-3149
-877
-4666
-1233
-2593
-4219
-1915
-634
340
-1927
-4202
-1467
-1955
-1880
-294
-4636
-2207
-657
-3803
-1316
-1546
-78
-1488
-4714
-3031
-4096
-1297
-851
-3139
-3132
35
-1690
-2136
-4813
-2254
-574
399
-1002
-463
-4558
393
-2295
71
-1752
-2284
-1144
-2102
-4108
-3358
-3336
-4402
45
-1726
-228
-4671
479
-3494
-18
-2847
-3004
401
-824
-388
-1737
-1983
484
-3466
-1322
-1684
-4385
-2604
-447
-3652
-786
-576
-2829
-3931
-1351
-25
-3021
-497
-1269
-1788
-255
-2052
-3763
-1865
-2378
-18
-3617
-409
-3584
360
-2394
73
-3559
-846
-3553
-2057
-417
-4024
-3415
290
-3311
-3802
358
-1067
-4402
-2191
-856
-2703
-2756
-4398
-4191
285
-892
-831
10
-1030
-870
-3684
-2644
-2
-1656
-941
-230
-1167
-2618
203
-1541
-847
-3881
-4574
-833
-1284
-3372
-3723
-3169
-764
9
-15
-1253
-94
-3086
-4714
-4170
-231
-1269
-4302
-2289
-1640
-715
-3076
27
-3407
-2458
-1652
-1075
-17
-2395
-3998
-949
-4312
-763
-4741
-224
-3050
-3611
-2323
-570
-1793
-2148
-3049
-641
-4597
-3722
-3829
-1164
-4160
-861
-4037
-1885
-4976
-650
-1058
472
-2142
-1162
-1571
-4218
-2854
499
-529
-2187
159
119
-1978
329
-64
-2974
-3439
-4904
-3719
-808
373
-4449
-3825
-2481
494
-4746
-2304
-2167
-3454
-4736
-189
-1271
-4979
-2971
-1722
-3906
-4828
-3663
66
140
-2209
-1311
-1919
-4578
-798
-4028
-2751
-3993
-4747
-250
-768
-1150
-489
-4742
-3944
-3586
-2364
-4446
-4131
-699
-2991
-673
-1690
-2728
-536
-1330
58
-1514
-1723
-462
-1707
-2415
-340
-289
-351
-2386
-218
-3824
-4829
-3765
189
287
-3215
-1412
-3388
-195
-4693
-1987
-1499
-4638
-14
-221
312
-4308
-3903
-3593
-3235
109
-4719
-3038
-4934
-4752
-4163
-4168
-913
-4077
-4598
-4552
-1212
-4974
-1811
-4603
229
-2327
345
-1058
-4429
-4507
-4815
-3589
-4359
-548
-3034
-3506
-2794
-2179
-3815
243
395
-983
-491
-1687
-1032
-1257
426
-2352
-2483
-1607
109
-1783
-2994
-738
-374
-3510
-4444
-1331
-578
-4551
425
-2430
-1367
459
-1320
-3786
-4339
-4091
-3966
-4405
-4326
-1784
-4665
-653
-3650
-4437
-4217
-1721
-2539
-1069
-2968
-4340
-1383
-1186
-3765
-1468
-3603
-413
-672
-943
65
-2859
-4810
-1981
287
-3260
309
-3301
446
-4288
-2805
-3227
-2708
480
-341
-4616
-3687
-3765
-728
-2437
59
-1623
-4519
-4279
-3535
314
-1742
-549
-284
-1635
-3388
-4290
-3
-2134
-2535
-2862
-3609
-2182
-3993
-2409
-3875
135
-4322
-2788
340
-950
104
-4423
-3297
-1628
-1223
-420
-4266
-515
-4210
-4270
-1200
-609
-1534
-4692
-758
-1419
-3372
-768
17
-2996
-2389
-2884
-4093
-2867
-3146
-2686
494
-4841
-4188
-3298
-1292
-3216
-2227
213
-4079
-4407
374
-746
-3370
-3449
-887
-198
-3093
32
-33
-473
-1261
-2395
-1592
-313
-1735
-3908
-3624
-1508
-4480
-4285
-580
402
-4122
-4746
-4090
-2864
-4121
-4860
-557
-2004
-2327
-3612
115
-2325
-3706
-376
-1238
-4206
-1233
-2749
136
204
-3721
-3902
-3717
-715
-490
-458
-4007
-4480
-178
347
-2807
-1981
-1776
-4797
-2825
-3545
-294
-2355
-829
-4144
-3020
-2915
-4789
-2791
-508
-217
-4672
-2066
-1968
-2802
-3110
-579
-1343
297
490
-42
-280
446
-3305
-125
-3326
-3751
-4876
-1039
-1864
-3535
-703
-2883
-2685
-3240
-769
-3790
-4790
-872
-1011
-2800
-3828
-1249
-1961
-4455
-943
-468
-694
-3962
-2535
-1176
-205
464
-4346
-2411
-738
-521
-3597
-2857
-1256
-2771
-1289
-1935
-3966
-3701
-3984
-3989
-1853
-3716
-4564
-2819
-2784
-4173
-4273
-1739
-1417
328
-4641
-179
-1829
-510
-1493
-2752
-363
-3497
-2984
-161
-4176
-218
-310
-3254
-169
273
-3435
-1350
-4186
-834
-995
14
414
-4175
-2786
-1052
289
-2050
-3330
-2617
-596
-4780
373
-3927
-3299
-4636
-3618
-4448
-613
-1912
-3359
-4829
-988
-1711
-528
-2636
-3330
-3397
-2309
-3212
-2788
-3059
-4950
-2450
-2875
-2608
-305
-56
57
-3561
84
-1997
-3592
-2604
65
-2727
-768
125
-1016
-2469
-2597
399
-1322
-505
-45
-3102
-3143
-2793
-625
-4662
-2627
-4409
-1755
-3689
93
-4667
-3965
-1907
-2987
-4987
-4743
-4883
-3728
-3172
-4508
-942
-2617
-3320
-1054
-2252
-4886
-2888
145
-3937
-2979
-766
-1230
-904
-307
-1661
-2255
-4486
-3508
-1770
-1764
-3981
-1802
-935
-2556
419
-248
-2827
-535
-3987
-3916
-382
-1607
-3413
-3312
-506
-1801
-3836
-4988
-1271
-2116
-4766
-2381
-260
-4046
-659
91
-3112
-763
-1453
-3520
-1750
-4701
-232
-1786
-3252
-10
-397
-3867
-119
-2626
-1368
-2221
-309
-2420
-774
-4453
-1961
-4594
-3330
-2081
-469
-2409
473
-1816
-1650
-32
-4576
-3125
-2121
145
-291
-2926
-1938
-1708
382
-4154
-4228
379
-2066
-1880
-3866
312
-658
-2722
-1727
-979
-4193
-1471
-2540
-2250
-390
-3077
-2757
-4865
347
-2815
27
-1264
-3490
-3195
-215
-4035
66
-636
-4743
-4615
-2003
-3243
-233
-4412
-1968
368
-953
-1848
-2540
-474
-1802
-3412
-4437
88
327
-4343
-1885
-3612
-1819
-1399
-486
-649
-4222
-4193
144
-1609
-2241
-3224
-2157
-3458
-2399
-3763
-40
-4001
-274
-4857
-4512
460
-1312
232
16
-2595
-2087
416
-3877
-4582
-3755
-3055
-581
-1099
-244
-1741
-4978
-11
-2660
-2067
-3274
-3471
-4088
284
-1575
236
-495
-3804
-4351
-3189
-1402
-304
-3911
-4728
-1062
-3809
-4147
-3396
390
-2333
-4063
-1912
-4101
-3456
-35
-4179
-3756
-472
-2005
-2528
-4194
-3523
-3420
-2313
-2570
220
-387
-3367
-670
-877
-1369
-4295
100
-556
-127
313
-2246
-915
-2205
-2134
148
-776
-850
-762
-4181
-638
420
-2155
-268
-1177
-623
-4830
-3212
-1867
-3659
-1208
-1001
-331
-420
198
-368
-2200
-1460
-4723
-1765
-2830
273
-1163
-4216
-335
-4768
-290
-2490
-97
-2692
-2875
-4071
-3372
-4058
-34
-1303
-2122
-3944
-1844
-3722
-4357
-2931
-4994
-4275
-4492
-1094
-1544
-3775
-3481
-3602
-2178
-2484
-3039
-3663
-1821
-2279
-4476
-1102
-3985
-3095
-2199
-2551
-2500
-2257
-2029
-2527
-4180
-4059
-4812
-551
-1051
-1473
-222
-867
-433
-2760
-2113
-433
-2493
-4111
368
-204
-2173
-3359
-3816
-2038
-68
-4005
-1526
-1127
-1826
-1275
-3393
-1718
-3309
-2347
-3884
-2862
177
-3975
-2190
-4922
-4847
-4813
-1814
-914
-4104
-1883
-3768
-3153
58
-743
-2488
-3829
-2322
-3471
-4307
218
-1361
-2845
177
441
-1226
-445
-4950
-4656
-2674
-813
-4640
-4959
471
-3751
-3816
-1661
-4358
497
-4274
181
-2152
-3516
458
-2467
-3474
-1121
-2199
-4270
-3376
-4973
-935
-3605
-800
-2304
-4986
-47
-2330
-1258
-2962
256
-4162
-717
-2159
-2624
-4714
483
-3531
-2316
-2209
-3556
-2898
-1804
-3535
-3552
104
-3021
-4397
230
-3032
270
232
-1773
-4322
395
-4586
491
-2605
-3819
-256
305
-1300
-29
-1631
-3246
-3830
-1388
-225
-689
-1115
-3968
-1796
-3012
-3339
381
264
-462
-4529
-1801
-3548
-2427
-3171
-1673
-2209
-1199
334
-2100
-2501
-2345
-1178
-3387
-1813
-2019
-1760
-661
43
212
-290
-2688
-501
-2263
-4426
-3291
-2569
-2877
-3087
-646
-3421
-836
-3465
-4709
-2088
-1229
-2890
-3327
-3107
-821
-3768
-2117
-91
-1498
-3026
-4504
-3990
-1048
-441
-94
-2623
-1661
-4258
-4637
-4834
-174
-4123
-3375
-3459
256
-1382
-4941
-4557
-95
-2304
-4073
-3685
-2266
-3073
-1284
-508
-1679
-686
-609
-543
-3634
-4287
-2024
-3043
-3637
-2831
-711
-1868
-337
-3316
-524
-2048
-1103
-2712
-1774
-2878
-3548
-3200
-1912
-82
-935
-3894
-562
-2747
-4859
-1231
-1284
-2234
-3271
-4731
-3736
406
-4340
-1890
-1580
-3945
-1865
-4796
-4202
-3163
-4988
-1634
-2698
-2808
-1697
-1388
-4794
-2226
-131
-3395
-1900
-2785
-637
-3608
274
-4325
-2418
-4756
-4236
-2516
-4583
-2937
-1096
-2948
277
-4956
-957
-3803
-4295
-1527
-789
-3176
-3166
-3551
-4221
-1479
358
258
-2591
372
-2105
-2556
-3766
-3187
-3119
-1293
-2692
114
-712
-1339
-488
-2917
-4688
-3255
-141
-2285
-4881
-416
-760
-1657
-4962
178
-2483
-1822
-3493
-3583
-2176
-1614
-82
-1594
-2915
-4519
-4690
468
160
-98
-288
-245
-942
-4063
-2100
-4687
-54
-2253
-4923
-3820
-691
-1350
-4768
-2027
-49
-3009
-4988
-1454
350
-4690
-1793
-4785
361
-3383
-3832
-3416
-2129
-4069
-3387
-697
-3756
-3556
-340
37
-1602
-659
-2642
-3440
-85
-2949
-2347
-1270
-3702
-1205
-3691
-3937
-3799
-4539
-1807
-4610
-2141
-4750
-797
-820
-4686
-4205
-1148
-3585
-4882
-4557
-2147
-3940
-3681
-2370
-49
-2431
-3647
-152
-1774
-2406
288
-3650
-2813
473
-4556
-1628
-3156
-688
291
-3269
-4201
-1983
-4689
-2379
-2707
163
-2524
-1322
-3670
-3298
-3892
-1773
-2716
-3694
-1695
-2286
-2549
-4858
-2383
-2745
-1239
-2955
-1237
-2832
-2745
-4067
-1090
-3438
-3688
-4542
-2095
-497
-3734
-4779
-3611
426
-4956
-2276
-1637
-1835
-2020
-2733
-2139
-2808
-958
-2808
-2753
-2062
-1333
-86
-933
-1262
-2303
-683
456
-1896
-354
-1832
280
-2853
-4841
-2504
-2069
-3657
370
-2336
-3481
-3310
-4065
-1416
107
-4787
-2955
-2706
-4448
-2957
-2833
-2671
-2098
-848
-2516
-1153
-4330
-4691
-3261
-2220
-107
-2260
-4937
-2650
-660
-390
-2365
-1115
-392
-3810
-2225
-3854
-3069
-2801
-717
-2786
-2120
-4876
-53
-4085
-4846
306
-1792
-3687
-3217
-3861
-2225
-1192
-3313
-3049
-2525
-1288
-3956
-4971
-3013
-4870
-4057
-407
-113
-2950
-3833
-4962
-1294
278
-4145
-1281
-2404
-1943
-3303
-3625
-3674
-3080
-2341
-590
-2831
-1660
-3625
-516
-2892
357
-2178
-1309
-2052
-2011
-2318
421
-723
-2094
-1301
-2356
-4415
-3023
-4567
-1583
-4607
-1361
-1436
-219
-1015
-3161
-2642
-1739
-110
-3663
-3686
-829
338
-3105
-4173
-2745
-3637
-3725
-1851
-3425
-2487
-2680
-1318
-4703
-2592
-3962
-1755
-2953
432
-2002
-4243
-3689
-1112
-1658
-2343
-1658
-314
-3495
-4313
-2528
-4231
-3323
-2313
-4597
-1113
-3362
-4486
-2449
-3604
-4313
-3046
-2582
-1156
-178
-351
-1142
-3103
-1194
-4063
-2074
-496
-4959
-4544
196
-2687
-1540
-2577
-2081
-2462
-4278
-285
-4834
-579
-4454
267
-340
-632
-1735
-831
-2132
-2789
-2920
-316
-4353
-1007
-3474
-2211
269
-519
-1462
-627
-2573
-4342
-1937
-340
-1276
-2975
-1712
-885
-4581
-3379
-3646
-4715
-3516
-3698
-3470
-4014
-2539
-4073
-1617
-4139
-4687
-3960
-4648
-3804
-1911
-1506
242
-1490
-2972
-4959
-1354
-2684
-4820
-2979
348
-1689
-4552
-421
-289
-986
458
-108
-204
490
-1296
-1530
-761
-1547
-1962
-3215
-3504
-4559
-1985
-4270
6
-1809
-3366
-2785
-1349
-3800
-3595
-1955
-1375
-3573
-80
-1895
-1238
-4104
-4896
-2737
-3821
-2762
-3868
-3236
-3279
-1061
-413
-891
-1362
-2383
-4646
-4137
-1472
-2746
-4888
-2996
-608
-2131
-2913
-4239
-1931
-4045
-3002
-1224
-2935
-1830
-3386
-3733
-4268
173
-2923
-882
-1024
-58
-3195
-1699
-2813
271
-1331
-822
335
-211
-109
-1796
-1110
-928
-3156
117
-4565
-805
-1252
-4135
-706
-4024
-1988
-1394
-3104
-4442
-3041
-4660
-4717
-1740
-40
-4450
-3235
-4101
-904
-3223
-3242
-3649
-1906
-3621
467
-901
-2224
-3586
-2471
-71
-2360
173
-161
-920
167
-2945
119
-3292
-3249
-1228
-2856
183
-2907
-2548
-3335
-431
-172
-4780
-4986
-3919
-2018
-3366
-2372
-4058
-2676
-3717
-3043
-4372
-4879
-3780
30
-2820
-1090
-2412
-2334
295
-4000
-492
-3328
-213
-2351
-1973
-4044
-2507
-935
-2934
-1310
-4285
271
-499
-1577
-3373
-3775
152
234
-3885
-1127
-3262
-4227
-621
-337
-3746
-1825
-2149
-4889
-1955
-1151
-4558
-2593
-4244
-363
54
-4457
-4788
-2444
-2633
241
-1
-309
-966
371
-2559
-4465
-572
-964
-3955
-4470
-2669
-1950
232
-531
-3560
-2
-1632
-1979
-4038
-1192
346
-2773
-2892
-3132
-1415
-2404
471
-357
312
-3892
-976
-953
-4060
-4597
-3082
-1627
-1221
-4317
-1070
-3313
-4459
-4973
-3884
-1653
-4064
-1980
-1356
-527
-2300
-4841
-2348
-3145
-3908
-4174
-4136
-2877
-2677
-2731
-3722
-3302
-437
-4292
-2922
81
-423
-3351
-3712
-2626
-4698
-3497
-2256
-4311
-1239
-3231
-3656
-1590
-630
-724
-1658
-4208
-3718
-1146
-3743
-4911
-725
-4260
-4265
-1234
-4242
224
-1498
-4095
-3111
-1838
-2159
-1049
-93
-4065
-697
-2681
-239
-1993
-3624
-28
-4504
-3923
185
-1328
-4321
-3428
-824
-2031
-3213
93
-3976
-3680
-407
-2645
-3877
-615
-3775
-720
-2418
-1578
-4059
-3915
-4914
-3349
470
-1409
-864
-4907
-1452
211
-2627
-4091
-3056
-2678
-4007
-1026
-4832
-3433
-3528
-1789
-2163
-1526
-269
-200
-4535
-1645
-3443
-48
-1512
434
-1397
-1772
-706
-3540
-964
-3201
-4039
-3698
-4979
-2727
-959
-3294
-3031
87
-1818
-1516
-4480
-2248
-2322
-3536
-3429
-3704
-724
-4700
-53
-4954
-4462
-4993
-2813
-2851
-3335
-274
-4091
-642
-942
-4184
-3784
-4574
-564
-3880
-2029
-1275
-3660
-278
-3302
-3935
-965
-721
-1591
-4827
-551
-3605
-3248
-4027
-4672
-2933
-568
177
-2494
-3558
485
-2908
-3238
-1348
-3133
-2430
-2161
-3635
-4444
-3798
-341
-3351
-4587
-1078
-2960
-2731
-3601
-1907
-1318
-3611
-578
-1642
-1142
-4158
-1181
-2621
-4743
-1802
-4589
-2668
-1514
-2528
-4455
-1317
-2048
-2569
-194
-1843
-388
-786
-3244
-1569
135
-4894
-4225
371
-3083
-3982
161
-494
-1635
-4193
-1061
-1509
-2333
-822
-1665
-2205
-2067
-3666
-2406
-18
368
-4916
-3625
-1202
-4707
-4017
-824
-335
471
-1222
-2251
102
-1533
-2467
444
-1636
-639
-713
-1604
-1093
121
-1766
-3910
-2549
-664
-4114
-829
-1377
-2149
-779
-850
-4923
-3708
-4977
-2498
-3703
-3579
-4325
-1766
-2465
-2957
-3248
-1329
-1732
-3758
-2965
-2367
-3596
-4118
-573
-190
-2066
-1982
300
-3507
-4350
-2260
-2767
-1084
-3893
344
-1993
-1618
-3816
-2954
-3228
-4514
-317
-3450
280
-1511
350
-4305
-715
-1702
-1566
-4891
-4058
-1546
-3718
442
-1542
-4693
-4359
-4838
-4301
-2576
-4361
-2950
-2526
-2842
39
-1488
-1390
-1547
-2008
-4450
-2350
-4298
-4539
-1606
-3327
-1552
-4205
-3093
-4800
-4438
-36
-1709
-333
-2637
318
-443
-2989
-30
-2509
-2374
-2246
219
-4954
-3288
-4944
-359
-387
201
-2600
-2397
-3140
-4276
-945
463
-2775
-4465
-4021
-276
-2146
-4646
-2068
-1522
-3917
-1359
-2876
-1574
-2576
-960
-2347
-4575
-19
-838
-380
-1415
-1964
-1031
-4246
-88
-3277
-1038
-2645
-923
-467
-856
-2738
-1873
49
-1648
-3309
-1511
-1277
-2201
475
-3302
-1112
-982
348
-4878
-2165
-1949
153
476
-258
445
-1055
-266
403
-1303
-2287
443
-4392
-202
138
-182
60
-4538
-3905
-69
-1923
-2041
-138
-26
-4213
-984
-83
-20
-4098
60
-1094
-1383
300
-1155
-1886
-2025
-3003
-4303
-2201
283
27
-3965
-2795
-2457
-1555
-539
-2834
-2852
-4467
-2917
-3184
-1119
-4558
-3231
-3139
-4711
-2144
300
-4388
-2747
-1632
-4721
-4789
-2005
-1785
-1082
328
-4046
-3322
-3650
-3197
-4174
-3600
-415
298
-34
-3558
50
-3156
-2656
-4177
-3803
-4533
-2599
-945
-598
170
-486
-372
-647
-3516
-1629
-2372
472
-1765
-1324
-1412
-1847
40
-1679
-4175
-2515
-4751
-2696
-2491
-687
-353
132
-3724
-4043
-2622
-2847
-2094
-4817
-2318
-4690
-3294
-3238
-3263
-3108
-1127
-710
-4680
-1626
-4931
-2577
-2514
-4573
-3362
-2310
-2073
-3962
-776
-967
-2147
-3843
-1965
148
-2580
-4068
-4489
-1810
-1657
-1904
-4022
-2335
-3068
-3667
-3424
-53
-3619
-3975
-237
-3123
429
-838
-910
-1768
-1166
-4182
-4743
-3429
-2781
-2630
-1346
-3960
-578
-4490
320
-620
-320
-3641
-3099
-4811
-362
-3194
-4209
-4725
-978
-1715
-908
-690
-4797
-3446
142
-23
-4774
-2088
-2116
360
-3883
-3473
-324
-68
-4964
-437
-477
-4430
342
-4685
-4707
-1731
-665
-3243
-2354
-4123
-10
-4657
-3661
-3865
-2227
-1847
-1890
-658
309
-3207
-2572
-3698
-4043
-4756
-3179
-4702
269
-2205
-736
-1325
-687
-3502
-4717
-2843
-1455
-4038
-2486
-609
-3958
-1043
-2239
-310
-125
-3853
-4872
-648
-1447
-3680
-3605
-3156
379
-4033
-1259
-2089
-652
-2753
-4056
-3871
-4543
403
-398
391
235
-1317
-3346
-2926
-3500
-1721
-1127
-1111
-1185
-3440
-1947
-2153
247
-724
-4848
-2426
-3358
-2758
-3902
-1169
-1918
261
-4724
412
296
-964
-2575
-2320
-1282
-3096
-3911
-2691
-2807
-2291
-4098
-925
-4087
-2784
-2032
91
405
18
-3270
135
382
-3962
-448
-193
-993
-38
-2807
-3970
-3270
-716
-3797
-2612
-4523
-733
230
-3754
-3217
-2733
-1659
-1526
-428
-3799
-1848
-634
-1695
-3596
-2561
-642
179
-1872
-114
-4156
-4054
-903
-802
135
-4203
-705
-2082
-928
-1699
-141
-4989
-1594
-4538
-1318
-3901
-3881
-245
-2933
-2604
72
-411
-923
-4430
-1452
-592
-1654
-1250
-3540
-2001
-1570
-1231
-536
-315
-1416
-4763
-3929
-1721
-945
-1117
-4288
-117
-4938
-4243
269
-889
-3397
-2495
-2229
-4352
-4521
-321
-2209
-4692
-3221
-3568
-3211
-3623
-2539
-4832
-3513
-3281
-2749
-3963
-3740
-3188
-227
-4922
-1388
-1222
-396
-3243
-11
481
-3756
244
-3292
-3686
-3799
-201
-1857
189
-4757
-3142
-1240
133
-2632
-4523
-1647
-3067
-247
-4524
-361
-4406
-4131
-667
-4107
-3126
-1079
-4612
-2708
-2046
-2710
258
-4053
-708
-4119
-1777
-101
-4661
-3920
-648
-139
-3179
387
-4780
486
-63
-4257
-1161
-4833
-1223
-3441
-4952
-930
-4059
-1680
112
-1230
-3013
-2458
-1528
-1722
-2766
-868
-4628
-2227
-1596
-4489
-720
-4013
-2794
343
-1471
-3636
-4198
-1334
-2393
-4508
-3542
-4433
-665
-3981
112
-896
-4128
-1815
-4242
-825
-4533
-4122
-3793
-2923
-4424
-1080
-2884
-748
-732
-3518
-846
-2108
-2453
363
-2164
-242
-517
-3561
-4223
342
-41
-2195
-3345
-913
-2640
-2355
-3808
-1798
-4751
-4903
-3074
-3198
-1282
-945
-4207
-4974
-921
-2566
-1833
259
-1758
-3824
-2526
189
-2092
-4740
-4112
-2228
-4543
-4187
-2614
-3871
-4834
455
-3927
-1617
-1675
-2787
-2519
-3740
-2449
-264
-4086
-2974
-153
314
-160
-1168
-1227
-967
-3252
166
-3421
-2130
-4298
-3425
-4535
-3140
-3053
-4756
-3512
-4068
-4737
-3851
-4628
-185
408
-240
2
-1058
-78
-4892
-1754
-176
-736
-2054
-2006
-2597
-1446
-2989
-1505
-4702
-481
-4372
-2772
-4995
-3421
-3478
-3212
-3974
-408
-3559
-2834
-1493
-1950
-4478
-934
-411
-2216
-4211
-2150
-3686
232
-95
-1118
-1447
-146
-2151
-335
223
-3603
-112
-2753
-2519
-1671
-4361
-2036
-2415
-4641
-901
-71
168
-4005
-4063
-1240
-318
-3892
-1636
-1919
-3356
-3209
-1886
-4509
-2099
-4593
-2928
-4888
-4394
-2792
-4361
-2671
-4072
-3523
-3871
-4580
-2145
-1733
-4607
-3756
-2082
-521
-2922
413
-2568
413
-2671
297
-36
-3253
-3347
-4490
-3447
-1872
-3584
-3590
-3019
-536
-3811
-1507
-3481
-1828
-2935
-1002
-426
-1957
-4889
-898
-4677
-2503
-1211
-1528
-2167
-4645
-3091
-354
-2071
-4969
-902
-1456
-1661
126
-3898
-55
-4054
-1971
-4049
-773
-2476
-3357
-2985
-2611
-194
-1124
-2720
-427
274
-3706
-4995
-1599
-2968
-1540
-4250
-4535
-2008
-4147
-2782
-2054
-3313
-3786
-2653
-3543
-799
-1171
-3775
-2948
-2023
-3955
420
-2997
-3862
-369
287
-381
-2607
31
-4826
-1882
-2942
-214
335
-2399
-3750
-2263
-3031
-4693
-245
-3229
-872
-3637
-3471
-1853
-4391
-1057
116
-3636
-3473
-4753
-298
-369
-435
-4118
-4009
-522
254
457
484
-1381
-3911
-3434
73
-1301
-1629
-2461
-3686
-3405
-3191
-3579
-3927
-1066
244
-4262
-4437
-1272
-4871
258
-2678
-926
-2425
-1684
-1148
395
-3981
-3813
-1266
-4007
-2192
-3138
-977
-3109
-1712
-1374
-3227
-4537
-4
-2873
-1987
122
-4511
-2666
-4999
104
-1542
-1851
-141
-387
-814
-4655
403
-2188
-695
-4856
-1453
-2936
-4712
-1157
-1593
-3478
-2187
-1624
-360
-1093
-1182
-1192
-4175
-2721
-4661
-921
-378
-4113
304
-78
278
-508
7
-1845
-3955
-131
480
-4291
-856
-876
-3010
-3647
183
-2166
-2643
-1440
-4767
-1301
-4151
-3794
-3
-2299
-2442
103
-531
-2452
-4216
-4525
-3971
-4958
-1145
-4762
-1300
97
-3104
-4992
-1838
-3590
-1364
-1625
-2795
-1513
-3923
-2583
-3320
-384
-3388
-2517
255
-2070
-3548
-4839
-1645
-3023
-3725
-1795
-463
251
-2100
437
-845
-1023
66
-3126
-4603
-2932
-4347
-2574
190
-2431
-1507
-3660
415
-1480
343
-41
-1386
-1472
-4866
-318
65
-456
-920
-3979
-352
210
-4640
-3055
266
-1740
-736
-4928
-4236
-1496
-455
-3093
-2380
-3398
-1606
-1994
396
-3605
-1319
-839
-3815
-1218
-270
-2950
416
-4746
-2403
-4939
-3399
-1755
-4483
-1070
-3206
-2238
392
-94
-2072
-2230
-4637
355
-292
-2514
-1221
-3002
-2291
-3723
-4398
-4615
-3059
-1563
-1137
-2789
-944
-3692
-4796
-1829
-2202
-2423
-1735
-4094
-3833
-1455
-2205
-4866
-392
-4642
-672
-2182
-236
284
281
-3197
-2867
-700
-3738
-3897
269
-3197
-2860
-3290
-2216
-1433
-3008
-3473
-2722
458
-175
-2219
-3272
-4545
-1329
314
-2143
-1687
-1253
-192
-2980
-291
-4171
-4283
-3113
-523
-4698
-1806
-1145
-3860
-3869
-1517
-3982
-1815
-4895
-320
-4863
-4525
-4206
-3525
-2224
-2930
-3133
-4911
196
-681
-2293
-1760
-775
-2431
257
-1480
348
-806
-747
-944
-94
204
-620
-887
-2352
-1196
-2775
131
-1265
-352
-3678
-3081
109
381
-362
-4226
-3317
-3854
-4224
-1161
-2056
-4718
-854
-836
-4405
-3736
-2564
-2479
-1276
-1507
-2522
-3778
-3278
466
-2088
-1935
495
-3231
445
-597
-1967
-1012
-3109
-3325
-1635
-3951
-2559
-3617
-2089
-2626
-244
-2852
-4869
-3064
-1616
-3179
-3359
-3713
-207
-2658
-4630
-4096
-1674
-4083
-3092
-3497
-1759
-3703
-2490
-96
-906
-3313
-1685
-2582
-2837
-4776
174
-748
-1095
-3871
-1828
-2286
-225
-3702
-3118
-3450
-4188
-3746
-3716
-1573
-2101
-2973
-642
-1683
-889
-1866
-2337
-1105
-380
-4997
-2357
-1530
-1270
-119
-2570
-4119
-2754
-112
287
-1678
-1833
-1313
-864
-2324
-3619
-4073
-1792
-3219
-862
-3246
-461
264
-1146
-282
-827
-3241
-2943
-426
-3609
-9
-778
-1979
-1612
-1157
-1166
-4874
-1549
-4216
424
-4988
-3836
-300
-2838
-1233
-410
-3004
-3186
-1886
-2157
-2378
-3400
-4940
-2878
-1621
-2147
-4266
-3160
-4207
-4319
-1170
-1332
-4373
-1663
-1329
-4743
241
-4725
-1452
-3069
-768
-3417
-625
-3678
-1918
-1705
-3014
-1231
-4498
-2492
-738
-496
-2741
-2509
446
-3451
-3632
-2688
-3828
-3707
-679
-4082
-35
-3750
-4916
-3475
-1957
400
-3416
-3389
-4239
-4968
-3590
-1014
-91
-3625
-1742
-4849
-15
-976
3
-1459
-365
-2487
-4073
-909
-1858
-2946
157
-4593
-1325
-884
-918
-1891
-4477
-2227
-2217
-3215
353
79
-2274
-190
-2119
-2860
-3483
-1729
-1693
-2222
-3154
-3587
-4006
-1123
-1682
-4000
57
-2717
-396
-369
-4936
-4245
-4702
-4443
-2967
-2131
-1146
47
-4412
-528
-3721
-2872
-4926
-4279
-320
-4836
356
-126
-1957
-3791
496
261
-99
-3098
-1723
-3832
-2669
-2375
-2734
122
-1314
-4237
-4346
-2471
-4378
-989
455
-1124
-3810
-1798
-1080
-3484
-2597
-3660
-1361
-4465
-4564
-4957
376
239
-1627
-3622
417
-138
-3008
-2036
139
-4319
-3641
24
51
-1921
-3383
-3740
-4465
-2701
-3587
-3573
-1670
-4129
-1322
-2742
-2535
-151
-4211
-4611
-2313
-23
-4751
-2287
-753
-2541
-1137
-284
-4679
-844
-1778
-4945
-4249
-1997
-2069
-1153
-1446
230
-1956
-344
-3810
307
-3132
-2335
-2213
-428
-418
-1358
-2770
-9
-585
-2827
-2306
-476
-2870
-51
-3852
-4181
-487
-1031
-3193
-4860
-1661
-2575
-302
-3958
-4530
-2070
33
-4630
-2970
-2644
436
-2169
-4513
442
-2326
-808
-4062
-1435
408
-2548
179
-1797
-1096
-2758
-633
-4003
-3428
-2621
-913
-4660
346
-3911
-2123
-3754
144
-3740
-4909
-2051
-3785
-4639
-2129
-357
-634
-680
-4903
-1816
-3002
-4002
-2628
-3898
-1962
-4917
-3175
-1302
-4543
-725
-2165
95
-1834
484
-1786
-1101
-1359
-1194
-2598
-3749
-1878
-1032
-1870
-2638
-1563
-487
-4602
-316
-914
-1767
-2705
-1950
-1640
87
-361
-2825
-2608
-4465
-530
-4953
-2782
-884
-2982
-3582
-4948
-1447
-513
-1025
111
-2692
-4198
-1541
-2945
-1179
-4502
-2258
-4486
165
-3719
-657
-3201
-1145
-3619
-1393
127
-365
-2593
-3561
-2632
-1731
-469
-1245
-461
-4346
199
-1714
-2541
-1374
-273
-128
-4171
-308
-4090
-1785
-2347
-2674
-3128
-3770
-1379
-927
-4170
-2226
-848
-3543
-1047
437
-2932
-1196
-1423
-2039
-251
-3199
-4003
-4220
-2928
-1083
-1578
-1113
-2057
-4475
-1747
-564
-3699
390
-4912
-3106
-2627
-1747
-665
-2659
-908
-1238
-687
-3704
-1828
-2952
-3019
-3037
-3939
-3955
288
-4278
-202
-4441
-2388
-976
-4265
-629
-3881
-1612
-4396
-1664
-277
-2509
-4760
-4497
-1581
-721
-3659
-3930
-883
-35
-3184
-3749
-201
246
-3718
-1756
-4911
-4180
-4598
-1525
-702
-3676
-3700
-2801
-563
136
-1141
-1174
-2304
-4300
-2159
-2250
-2711
-2703
-531
-1734
-3178
-566
-810
-1604
-1753
-3040
-3186
-3968
-2435
-3588
495
-4337
-4529
-272
-2887
-4215
-1681
-2508
-4809
-4622
-1083
-3481
-1776
-4022
455
-2507
-2079
-1295
-1811
24
-1687
-1983
-3087
-3247
-4545
-146
-929
-4889
-3622
-4139
-749
436
388
-1225
-3122
-225
319
-154
-879
-3996
-3522
-4569
-4327
-1120
-1417
106
-1584
-3298
-529
-2357
-1970
-3090
421
-3725
-4052
-1885
244
-535
-567
-4262
-919
-4065
-4217
-4682
-2692
-324
-862
-3027
-1147
-923
-3213
-465
-3192
-4822
-827
-750
-3704
-3418
-4533
-4564
-1876
-513
-2936
-442
-3455
-781
-3624
-3378
-3496
-3070
-4375
-3644
-2212
-1677
-4009
-351
-3596
-666
-648
-2992
-2085
-4982
27
-4334
-2837
-3182
-1863
-1185
-2629
-668
-3451
-4318
-2147
121
-3318
-2654
-83
-1711
-3382
-995
-3965
-4389
-1535
-1553
-192
-3237
-638
-447
415
-4209
-4020
-4020
-325
-3053
228
-8
-4417
-2514
318
-2551
184
175
-3227
-374
-922
-145
-4531
-4764
-3531
376
-1879
-2406
311
-3853
-3010
-4933
25
-878
-4836
-1038
169
-3293
-1316
-3210
-1377
181
-3991
-4098
-1627
-4893
-1017
-1609
-2668
-3973
-1345
-3720
-4658
-1839
-2514
-477
-2148
-4456
-1155
-844
-3285
-1489
-2636
-2431
-2236
-1946
-4633
-3064
-2344
-3962
-1541
6
-1282
-3771
-1613
-2935
-3050
-2579
-4960
-1170
-1848
-504
-3769
-3089
-1906
-4654
-3810
-422
-2221
-4461
-2104
-1574
-2327
-1427
-137
-578
258
-4686
-309
-1624
-2462
-1449
-278
-2724
-2856
-14
-2872
-1466
-2804
225
-4584
-2310
-4387
-49
-2548
-3731
-1822
-3664
-2037
-4787
-1455
-2060
-3422
-2806
-2237
-1582
-2293
-2695
-174
-505
-1983
-4273
-3095
-1461
-1467
-3805
-4360
-3691
-1856
-4724
-3287
-2847
-3241
469
-3771
-4433
-1244
-1576
25
-3317
-3850
-4963
-2733
-3342
-341
-4579
-1713
128
-736
-1170
-59
-2803
-1383
-4204
-2886
-2341
-4419
-2104
-1148
-3920
-291
-2455
-418
-282
-3965
-2806
-1713
-1681
-3685
-1727
-3986
-2107
-3104
-1382
-3273
-4856
-3936
-2916
-3637
-1910
-4804
-3091
-4659
-638
-1727
-4751
-24
15
-4056
389
409
-4548
-2689
-1867
-2139
-700
-3380
-4914
-3045
-4417
-3833
245
-4307
-236
-4560
-2672
-2732
90
-2206
-4816
-4703
-2186
-4299
53
-1885
-1623
-918
-4636
-2078
-3531
-1100
-3216
-3940
-2924
-3453
-1855
-3482
-4883
-3239
-3980
-3766
-4770
278
-376
-2244
-1503
-4987
-1053
-2741
-3944
-1887
-3418
-734
-4671
-3692
-2384
-1423
-2780
-2830
-333
-1764
-69
-4446
-4619
-1286
-4726
-1601
55
-1871
-1596
-153
43
-2559
-1571
-1004
-2085
-4701
-4524
-4865
-1708
-2548
-4302
-1544
120
-3327
-3836
-2350
-1777
-3243
-2072
-2262
351
-3848
-1025
-4079
-2531
-1975
-948
-3942
-1742
-647
-2876
-3767
-469
-4152
-269
-2713
-2511
-2263
-162
-4304
-1210
-3198
-4450
-4046
187
432
-543
-2579
-2075
-2227
-2008
-2744
-922
175
-3508
-3192
-4386
-3858
-3557
-1620
-4667
-3249
-3266
-1026
-3084
-3985
-308
-1264
-4603
-2582
-2481
-3344
-1667
8
-1119
169
-954
-361
-1818
-3642
-3967
115
-2741
-2731
-1590
-2272
-2691
-893
-231
-3980
-2243
-4337
-1556
-2979
455
-1413
-1319
-2275
-2632
-1311
-4498
-654
-2299
-3644
-1083
-2023
-1503
-4514
-4732
429
-1402
-336
-3112
-923
-4259
-403
-1845
-4512
20
-4459
-2869
-2155
-3316
-1105
-3175
-1484
-3985
-1804
176
-302
-1061
-3358
-4568
-1136
-2574
-204
-3733
-1598
-1747
-3868
-853
409
127
-4359
-4475
-4800
433
-4345
-366
-1832
-463
-2195
-3679
-2512
-4884
-213
-1771
-4967
-2663
-3187
-3568
-3148
-4920
404
-4927
-4916
-1426
-1325
-135
-4902
-4125
-4004
-4368
-1558
-2539
-2032
-3156
-1508
91
-469
-4201
-4330
-2585
-633
-2750
-3105
67
-3432
-4871
-254
255
-2358
2
-2225
31
-2175
-4338
-2344
-4887
-4530
-1518
-4883
-2252
-2713
-2376
-128
-3636
-5
-3848
-1388
-3875
-1658
494
-3717
-2287
-1040
-278
-653
-1398
-4541
-417
399
-3412
-1491
-3833
-1104
-2066
-352
-150
-2418
-2531
-3839
-1301
-2559
-1942
-3155
-2550
-1091
-3969
-536
-2599
-114
-3177
152
-1475
-1112
-3921
-4890
-1139
-4430
-3823
-2250
-1970
-1646
-2848
-2518
157
-4933
-4880
-84
-3668
-2389
-663
-1259
-2082
-4475
-567
-4495
-1634
-4705
-710
206
-3767
-2662
-1472
-451
-888
-2452
-3918
-3325
-2545
-3738
-1925
-3857
99
-3349
-3877
-2412
-1328
-4204
-2368
-638
-3693
-2503
-3038
-1670
275
-1131
-3342
-970
-4642
-2687
-1365
240
424
-3267
-3798
-3385
-1021
-2223
-3191
-1710
-107
-67
-4135
40
-3121
-370
-1262
293
-2592
-3583
-3250
-4009
-2738
-331
-1633
-3538
-1552
-1171
-3553
-1465
-2183
-220
-930
-3500
-1693
-39
-3129
-181
-119
-1396
-3444
-2901
-2800
-181
-4807
-2137
-1873
87
-1376
-2238
-1979
-4386
-3075
-3456
-1511
-4002
-444
-2678
-4262
-2277
-1972
-649
-843
-1016
-1512
-1094
-447
-2220
-1479
-1735
478
-618
-2940
-1356
-3507
-4618
-286
-899
-2517
311
-3625
-988
-3732
-2892
-441
-3552
-242
-1219
-2453
-4029
-4037
-1895
-1095
-4452
-1863
-2918
-3150
-3979
-4576
-3000
-3502
-3801
-326
81
375
-2821
-4286
-4365
-587
-1178
-1267
-1092
-3449
-1770
299
-793
-2142
-2835
-2514
-4428
-2666
-1651
-2554
-2065
-4405
-1823
-4578
-5000
-4476
-1416
-1967
-3599
-4062
-1056
-1962
-274
-230
-3185
-752
-5000
-1405
-37
-4805
-443
295
-2625
-985
-2779
423
-4510
-15
-2606
-2803
-2560
-2394
-1014
466
81
-1253
-3937
-3164
-4037
-4108
74
193
-1697
-232
496
-3690
-1002
-1318
-635
-4414
-3565
-2661
-1718
-1318
-635
-4107
-4811
-1843
-4893
-1042
-3513
-3483
-324
-3010
-2845
-2771
-1927
-4478
-4807
-1144
-2721
-4744
-2570
-4837
-827
-1114
-4073
-844
-2484
-1633
22
-817
-62
-849
-2535
-4390
-642
-1496
-4477
-3109
-2972
-1029
-4240
-3344
-2022
137
-3040
377
-350
-4484
-196
-3908
-272
-1558
-1448
-4605
-1339
-4034
-4759
-647
-4649
-4097
-1780
-1896
-58
-454
-2874
-231
-1393
-4557
-785
-4233
-1818
-2274
-1527
-2122
-1851
-3889
-1685
-2192
-2623
-4709
-1884
-4607
-2331
-1173
-4230
-4701
-916
-4875
-607
-69
332
-4602
-965
-4246
-4596
-2408
-340
-2157
-3676
-776
-615
-868
-375
-4092
-1331
-493
-2574
-3799
143
-3871
-2514
-1898
-4645
-3157
-2761
-4886
-4227
-3827
-3580
178
-4005
-646
-150
-1180
-2037
-15
-2015
-4833
-1176
-4981
-123
-4143
-1564
-526
-3035
-4494
-2961
-2954
-638
-1031
-1839
-4045
-3209
-698
-3788
-1754
-2916
-3341
-1282
-578
-1616
-75
-942
-606
-2997
-2747
-4344
-315
-1182
-2887
-205
-1760
-4305
-2994
-1718
-320
-3258
-744
-704
-2544
-682
-3720
-1222
302
-2266
-265
-4319
-1598
-1676
-479
-3506
-4776
-3003
-1043
-4824
-4567
-2800
-3844
-4320
-2348
-2249
-4322
-3236
-3678
-106
-504
-936
-4573
-826
-2969
-634
-4968
-1883
-3354
183
-4080
-315
-2844
-1309
-1354
-4255
-1718
-505
-4770
-4888
-3564
-1551
-3649
-4361
-2199
-892
-2197
-1295
-3262
-3933
-1713
-3168
-2714
-1476
-1302
239
-4083
-190
-4963
-551
-4567
-2264
-1646
-2935
-578
-407
106
-3008
-796
-4020
-3867
-4966
-4318
-3362
-2436
-1561
-3421
-3637
-3299
317
-1842
-3775
-2145
157
-2081
-4966
-1380
-1962
-4178
-1403
-2290
-2043
-152
-4240
-1496
-1910
-3798
-3888
-3620
-4329
-798
-2536
-2087
-4964
-192
-4997
-405
-1623
-2871
-4015
-3642
-4173
-1459
-1729
-1937
-1713
-2059
-1282
-4135
-4280
-2374
-1924
-1880
127
-3400
-1555
-3562
-752
-1356
-1879
-4372
-4069
-3994
-4137
-1377
-2598
-2142
-2201
-3587
-1461
-3216
-3136
-2105
-3712
-4909
-3135
-4635
481
-203
-2770
-3624
-3447
-759
-797
-1444
137
-2512
-4469
-1036
-1905
-212
-2655
-1487
-2677
-3331
-1718
332
-3660
-2408
-256
-3696
-3220
-2129
-4158
-216
-1808
-41
-4332
197
384
-1886
-3469
-940
-2066
-1367
-4599
-3501
-3635
-4430
-1117
406
-2032
172
-1573
-947
-444
-3943
-912
-343
-1488
-4657
-3182
-3182
-3268
-2206
-2872
-1672
-2707
-2548
-4004
-1539
-2239
-327
-3632
-2381
-1735
-3237
-2468
-2754
-1476
-1665
-3257
443
-3855
-811
-3193
-3252
-2751
-2197
213
-1803
-10
-1101
132
-1518
-557
-4769
-4932
120
-1173
-1660
346
-2911
432
-377
-2515
-4566
-2667
-725
-1076
-1520
-4427
-693
-4687
102
-4573
-4786
-4143
309
-9
-340
-581
-4561
-3051
-1242
-587
-2383
57
-3834
391
-4275
-3452
-4950
248
-3530
206
287
190
-2693
-3459
-700
-3776
417
-1950
-551
-3466
-2950
-2333
135
-453
176
-1159
-3043
-3660
-1145
-1599
-1655
-3625
-4023
-1688
130
483
-3656
-482
-1761
-3290
-3395
-783
-1048
-3541
-4253
457
-3592
-4501
-4890
-3507
-733
-2649
-3092
-2519
-2297
-4529
-2410
-1772
-2772
-4331
-1751
-249
-2749
-3252
-389
-4727
-3199
-1231
-1296
-1933
-630
-3199
-3891
-2105
-3389
-182
-1759
-1817
-3241
-3574
274
-1440
-1937
-2630
-3828
-4660
-604
-3640
-287
-847
-1368
-873
-826
-1496
-1332
-1372
-4225
-1229
125
-3826
-4329
-2371
-219
-2967
-123
346
-1551
-3324
417
-4254
250
-1024
-2409
120
-4613
-4728
-3797
-3377
-4730
-4742
-4749
-4703
-4829
-2453
-61
54
-971
321
-3292
-4168
-2528
-1604
-1565
-1968
-1144
-4754
-3336
-453
-3800
-3697
-507
-1363
-1153
-3326
-1659
-3294
-250
-3804
-2907
-2997
-4709
-53
-2057
-2478
-1650
-4541
-3377
-1882
-2804
-1973
-1776
-3511
-2529
-3343
-3069
-2151
-2115
-125
-3504
-4849
-2765
-4750
-3049
-706
-1266
-306
-157
-2349
-4958
-1899
85
-4428
-624
-4882
-2529
-1267
-32
-2926
-2686
-3507
-534
-175
-1193
-3515
-4424
-4074
-3622
-4350
125
-1851
-250
-4754
-171
-3925
302
-249
-2670
-765
-266
-4091
-766
-4532
-2291
-3245
-4997
-1072
-1148
-1383
-4840
-1803
-3176
-1219
-379
-2113
-3823
-2649
-1760
-2435
-3369
-1081
-1600
-2729
-1745
-2420
108
449
-233
-1812
-2688
-4074
-3357
-2183
-1432
-1738
-3008
-1074
-252
-2311
-3517
-63
-523
-4300
-1892
-2696
-3055
-3796
-2327
-4256
138
-2275
-4472
-4882
-1260
-4109
-3417
-4287
455
-480
-1701
-154
-2125
-1902
-1531
-578
-2590
-1128
-4025
-3696
-2275
-3303
91
-2376
-4355
-3243
-2350
-2913
-4226
-2171
-4301
-1901
-2584
-4155
-2662
-2640
-2456
-3959
-552
68
-1186
-2314
-3937
-1271
-1720
-3171
-1998
-4511
-1815
-115
-1798
-1489
-982
-237
-87
-909
-2013
25
-3573
-2783
-424
-2092
-2831
-4362
-3572
-1278
-754
-3913
-4520
-2491
-3929
-1171
-3013
-2356
-901
-621
-1896
-4987
-364
-2363
-1861
-2709
-1351
-3719
-2853
-1204
-2465
-2124
-4637
-4748
-2305
-3543
-1102
-130
-4507
-219
-2386
-1000
260
-962
-314
-4913
-1542
-2015
-893
207
135
-2801
-520
-1851
-4496
-3003
-507
-4461
-13
-2495
-1323
-3553
-816
-597
-340
-3258
-3291
-4305
-3076
-297
-4294
-124
-1395
-3040
-1950
-2809
-4572
283
-4431
-737
474
114
-706
-366
-858
-2575
-3446
-1527
-1789
-3627
-3191
-4073
-4534
-1438
-1424
335
370
-3258
-1763
-3753
-2736
-3572
441
-1270
-745
207
-410
-1313
-4116
-1105
-2456
-3448
-1543
429
-3729
-1449
376
-1375
-4690
-3031
-3052
-2600
-325
-3239
-20
221
-1914
-485
-329
-3935
-4567
-1362
-4927
-802
-3261
-415
-2129
-1348
-1252
-2628
-1736
-279
-3134
-1544
-2758
-4682
-1288
-2552
-1784
-3999
-97
-2555
-1941
-1373
-1664
-4076
-3926
-950
-2719
-2154
-4934
-3267
-781
-1074
-1273
-1189
-689
-3062
-3072
-616
-1859
-2538
-1199
-2460
-4213
-765
-894
-3883
-4564
-1622
-3307
92
-4799
-3259
-2374
252
-3264
-1465
-4810
-3986
-1885
-1731
-4401
-2469
-3302
-2984
-2415
324
-2620
-1340
-2995
-4997
-956
-1610
-3769
166
-477
104
-146
-113
-531
-1864
-2206
-2738
-4278
-4274
-2704
-1118
-1870
-453
-2236
-1338
390
-1072
-3801
-4702
-246
352
144
-503
-831
167
-495
-3376
-2889
25
-3809
-1157
-188
-2797
-4875
-2121
-2957
-2348
-4668
-1867
-3524
-1879
-936
-4865
-748
-2874
-332
-4584
-859
-1442
-4473
-2146
-3183
-3718
-1023
-893
-2076
-1304
-4365
-3451
-3559
-516
-2925
-2953
-1084
-60
-4179
-4096
-4382
-951
127
-437
-1746
-264
-761
-194
-4568
-3240
484
-2905
-1061
172
-4344
-1748
-3206
-3390
-3082
355
-1839
-2610
-1218
-3070
-276
-4689
-4390
-355
-1117
-2130
-581
-2670
-2087
-2694
-3628
-3297
-3669
240
-1062
-3739
